dataset_name,file_id,algorithm_name,build_time_ms,query_time_ms,accuracy_percent,avg_dist_ratio,space_bytes
data_K100,1,BruteForce,0.318792,38.647459,100.0,1.0,404000
data_K100,1,KDTree_Exact,1.619416,31.339708,100.000000,1.000000,424000
data_K100,1,KDTree_Approx_BBF200,1.446500,5.935583,86.000000,1.019480,424000
data_K100,1,LSH_SumParity_l4_k5,0.862750,7.764792,65.000000,1.038879,431136
data_K100,2,BruteForce,0.154667,28.091292,100.0,1.0,404000
data_K100,2,KDTree_Exact,1.364875,29.396041,100.000000,1.000000,424000
data_K100,2,KDTree_Approx_BBF200,1.468208,5.960334,87.000000,1.021241,424000
data_K100,2,LSH_SumParity_l4_k5,0.902583,6.259167,53.000000,1.051251,431264
data_K100,3,BruteForce,0.226625,57.929292,100.0,1.0,404000
data_K100,3,KDTree_Exact,1.456375,28.728167,100.000000,1.000000,424000
data_K100,3,KDTree_Approx_BBF200,1.352000,5.869458,87.000000,1.023255,424000
data_K100,3,LSH_SumParity_l4_k5,0.799083,6.240792,58.000000,1.043924,430304
data_K100,4,BruteForce,0.150542,27.960625,100.0,1.0,404000
data_K100,4,KDTree_Exact,1.430791,29.565833,100.000000,1.000000,424000
data_K100,4,KDTree_Approx_BBF200,1.474583,6.123250,89.000000,1.021638,424000
data_K100,4,LSH_SumParity_l4_k5,0.804667,6.731250,50.000000,1.050125,430944
data_K100,5,BruteForce,0.195542,28.515125,100.0,1.0,404000
data_K100,5,KDTree_Exact,1.404834,29.925583,100.000000,1.000000,424000
data_K100,5,KDTree_Approx_BBF200,1.397625,6.050208,82.000000,1.024606,424000
data_K100,5,LSH_SumParity_l4_k5,0.992500,5.962208,42.000000,1.056939,430560
data_K100,6,BruteForce,0.146250,27.299917,100.0,1.0,404000
data_K100,6,KDTree_Exact,1.423667,28.791125,100.000000,1.000000,424000
data_K100,6,KDTree_Approx_BBF200,1.365459,6.242125,76.000000,1.026004,424000
data_K100,6,LSH_SumParity_l4_k5,0.798667,5.973334,56.000000,1.049038,430816
data_K100,7,BruteForce,0.152791,27.685625,100.0,1.0,404000
data_K100,7,KDTree_Exact,1.435250,29.320083,100.000000,1.000000,424000
data_K100,7,KDTree_Approx_BBF200,1.440375,6.189166,79.000000,1.026113,424000
data_K100,7,LSH_SumParity_l4_k5,0.813583,5.952458,66.000000,1.042200,431200
data_K100,8,BruteForce,0.151458,27.169750,100.0,1.0,404000
data_K100,8,KDTree_Exact,1.480125,28.522583,100.000000,1.000000,424000
data_K100,8,KDTree_Approx_BBF200,1.392834,6.164708,75.000000,1.027964,424000
data_K100,8,LSH_SumParity_l4_k5,0.796125,5.896792,49.000000,1.052547,430112
data_K100,9,BruteForce,0.153542,27.177166,100.0,1.0,404000
data_K100,9,KDTree_Exact,1.357459,28.459708,100.000000,1.000000,424000
data_K100,9,KDTree_Approx_BBF200,1.356042,5.989833,83.000000,1.022675,424000
data_K100,9,LSH_SumParity_l4_k5,0.817208,5.783917,59.000000,1.047936,430752
data_K100,10,BruteForce,0.153708,26.895708,100.0,1.0,404000
data_K100,10,KDTree_Exact,1.393291,28.652916,100.000000,1.000000,424000
data_K100,10,KDTree_Approx_BBF200,1.361334,5.993209,79.000000,1.025756,424000
data_K100,10,LSH_SumParity_l4_k5,0.893250,5.785750,46.000000,1.052845,430688
data_K100,11,BruteForce,0.148833,27.111958,100.0,1.0,404000
data_K100,11,KDTree_Exact,1.384459,28.876667,100.000000,1.000000,424000
data_K100,11,KDTree_Approx_BBF200,1.476542,5.938291,83.000000,1.023751,424000
data_K100,11,LSH_SumParity_l4_k5,0.847416,6.132500,57.000000,1.049991,430816
data_K100,12,BruteForce,0.170584,27.768625,100.0,1.0,404000
data_K100,12,KDTree_Exact,1.363708,28.728125,100.000000,1.000000,424000
data_K100,12,KDTree_Approx_BBF200,1.404458,5.870042,74.000000,1.027182,424000
data_K100,12,LSH_SumParity_l4_k5,0.958541,7.317583,57.000000,1.048074,430368
data_K100,13,BruteForce,0.188958,27.701666,100.0,1.0,404000
data_K100,13,KDTree_Exact,1.360000,28.897625,100.000000,1.000000,424000
data_K100,13,KDTree_Approx_BBF200,1.371583,6.105625,84.000000,1.024019,424000
data_K100,13,LSH_SumParity_l4_k5,0.780833,5.860875,60.000000,1.043825,430560
data_K100,14,BruteForce,0.151709,27.715458,100.0,1.0,404000
data_K100,14,KDTree_Exact,1.363542,29.028875,100.000000,1.000000,424000
data_K100,14,KDTree_Approx_BBF200,1.374083,6.042958,78.000000,1.023501,424000
data_K100,14,LSH_SumParity_l4_k5,0.808166,6.013500,53.000000,1.047132,430432
data_K100,15,BruteForce,0.152166,27.211958,100.0,1.0,404000
data_K100,15,KDTree_Exact,1.338666,28.374000,100.000000,1.000000,424000
data_K100,15,KDTree_Approx_BBF200,1.370375,5.983459,83.000000,1.024323,424000
data_K100,15,LSH_SumParity_l4_k5,0.800917,5.832583,48.000000,1.054460,431456
data_K100,16,BruteForce,0.184250,27.140042,100.0,1.0,404000
data_K100,16,KDTree_Exact,1.322958,28.889417,100.000000,1.000000,424000
data_K100,16,KDTree_Approx_BBF200,1.390125,5.799709,81.000000,1.027261,424000
data_K100,16,LSH_SumParity_l4_k5,0.856959,5.967750,54.000000,1.049270,431200
data_K100,17,BruteForce,0.149958,27.182625,100.0,1.0,404000
data_K100,17,KDTree_Exact,1.352791,28.771083,100.000000,1.000000,424000
data_K100,17,KDTree_Approx_BBF200,1.804166,5.885583,82.000000,1.026068,424000
data_K100,17,LSH_SumParity_l4_k5,0.792459,7.416625,62.000000,1.042451,431520
data_K100,18,BruteForce,0.148375,27.699667,100.0,1.0,404000
data_K100,18,KDTree_Exact,1.310916,28.739833,100.000000,1.000000,424000
data_K100,18,KDTree_Approx_BBF200,1.372750,6.009917,82.000000,1.021343,424000
data_K100,18,LSH_SumParity_l4_k5,0.827042,6.220125,55.000000,1.046121,430816
data_K100,19,BruteForce,0.158084,26.887459,100.0,1.0,404000
data_K100,19,KDTree_Exact,1.369375,28.656083,100.000000,1.000000,424000
data_K100,19,KDTree_Approx_BBF200,1.362875,5.869375,82.000000,1.022407,424000
data_K100,19,LSH_SumParity_l4_k5,0.871667,6.128250,50.000000,1.052314,431008
data_K100,20,BruteForce,0.180125,27.038000,100.0,1.0,404000
data_K100,20,KDTree_Exact,1.351792,28.596667,100.000000,1.000000,424000
data_K100,20,KDTree_Approx_BBF200,1.323375,5.877250,86.000000,1.023513,424000
data_K100,20,LSH_SumParity_l4_k5,0.811000,6.077541,57.000000,1.048722,430560
data_K100,21,BruteForce,0.157333,27.180041,100.0,1.0,404000
data_K100,21,KDTree_Exact,1.346583,29.139833,100.000000,1.000000,424000
data_K100,21,KDTree_Approx_BBF200,1.378125,6.001458,82.000000,1.020288,424000
data_K100,21,LSH_SumParity_l4_k5,0.854792,6.080125,56.000000,1.048639,430432
data_K100,22,BruteForce,0.164292,27.727750,100.0,1.0,404000
data_K100,22,KDTree_Exact,1.386625,29.712959,100.000000,1.000000,424000
data_K100,22,KDTree_Approx_BBF200,1.390959,6.217292,82.000000,1.024453,424000
data_K100,22,LSH_SumParity_l4_k5,0.796875,6.290542,51.000000,1.050654,430816
data_K100,23,BruteForce,0.150667,28.023333,100.0,1.0,404000
data_K100,23,KDTree_Exact,1.404875,29.698583,100.000000,1.000000,424000
data_K100,23,KDTree_Approx_BBF200,1.428208,6.313584,83.000000,1.024330,424000
data_K100,23,LSH_SumParity_l4_k5,0.837958,6.029167,55.000000,1.049111,431392
data_K100,24,BruteForce,0.156542,27.814584,100.0,1.0,404000
data_K100,24,KDTree_Exact,1.397500,29.777291,100.000000,1.000000,424000
data_K100,24,KDTree_Approx_BBF200,1.430875,6.347958,76.000000,1.029099,424000
data_K100,24,LSH_SumParity_l4_k5,0.827958,8.997375,62.000000,1.039879,429664
data_K100,25,BruteForce,0.153000,28.270583,100.0,1.0,404000
data_K100,25,KDTree_Exact,1.397084,29.454250,100.000000,1.000000,424000
data_K100,25,KDTree_Approx_BBF200,1.406958,6.071084,84.000000,1.021684,424000
data_K100,25,LSH_SumParity_l4_k5,0.855875,6.045667,56.000000,1.044567,431712
data_K100,26,BruteForce,0.160125,28.381167,100.0,1.0,404000
data_K100,26,KDTree_Exact,1.658250,29.330875,100.000000,1.000000,424000
data_K100,26,KDTree_Approx_BBF200,1.605667,5.984334,89.000000,1.023154,424000
data_K100,26,LSH_SumParity_l4_k5,0.786541,7.203583,67.000000,1.039358,430112
data_K100,27,BruteForce,0.153875,27.853375,100.0,1.0,404000
data_K100,27,KDTree_Exact,1.386792,28.986709,100.000000,1.000000,424000
data_K100,27,KDTree_Approx_BBF200,1.458042,5.824291,72.000000,1.030786,424000
data_K100,27,LSH_SumParity_l4_k5,0.792000,5.885584,48.000000,1.053924,430560
data_K100,28,BruteForce,0.157250,27.488250,100.0,1.0,404000
data_K100,28,KDTree_Exact,1.391709,29.352500,100.000000,1.000000,424000
data_K100,28,KDTree_Approx_BBF200,1.569750,5.777375,83.000000,1.021985,424000
data_K100,28,LSH_SumParity_l4_k5,0.797125,7.600375,63.000000,1.040367,430624
data_K100,29,BruteForce,0.154625,27.947416,100.0,1.0,404000
data_K100,29,KDTree_Exact,1.450625,29.564167,100.000000,1.000000,424000
data_K100,29,KDTree_Approx_BBF200,1.400292,5.986834,88.000000,1.018331,424000
data_K100,29,LSH_SumParity_l4_k5,0.846541,6.069291,59.000000,1.044917,431200
data_K100,30,BruteForce,0.151084,27.429333,100.0,1.0,404000
data_K100,30,KDTree_Exact,1.317750,29.517042,100.000000,1.000000,424000
data_K100,30,KDTree_Approx_BBF200,1.364208,5.776083,81.000000,1.023070,424000
data_K100,30,LSH_SumParity_l4_k5,0.776792,6.052958,51.000000,1.052232,431008
data_K100,31,BruteForce,0.153875,27.878792,100.0,1.0,404000
data_K100,31,KDTree_Exact,1.359125,29.027875,100.000000,1.000000,424000
data_K100,31,KDTree_Approx_BBF200,1.351958,5.821166,79.000000,1.026275,424000
data_K100,31,LSH_SumParity_l4_k5,0.777958,5.866250,51.000000,1.050487,431328
data_K100,32,BruteForce,0.156500,27.252042,100.0,1.0,404000
data_K100,32,KDTree_Exact,1.435458,28.956375,100.000000,1.000000,424000
data_K100,32,KDTree_Approx_BBF200,1.464875,6.006791,77.000000,1.025538,424000
data_K100,32,LSH_SumParity_l4_k5,0.796125,5.858917,55.000000,1.050813,430688
data_K100,33,BruteForce,0.153834,27.727042,100.0,1.0,404000
data_K100,33,KDTree_Exact,1.387333,28.899541,100.000000,1.000000,424000
data_K100,33,KDTree_Approx_BBF200,1.318375,5.910750,77.000000,1.026415,424000
data_K100,33,LSH_SumParity_l4_k5,0.776833,5.840209,49.000000,1.052707,430816
data_K100,34,BruteForce,0.156750,27.206000,100.0,1.0,404000
data_K100,34,KDTree_Exact,1.360375,28.721333,100.000000,1.000000,424000
data_K100,34,KDTree_Approx_BBF200,1.338083,5.850000,84.000000,1.020002,424000
data_K100,34,LSH_SumParity_l4_k5,0.782542,5.833125,52.000000,1.047693,430240
data_K100,35,BruteForce,0.157000,27.778167,100.0,1.0,404000
data_K100,35,KDTree_Exact,1.326958,29.031958,100.000000,1.000000,424000
data_K100,35,KDTree_Approx_BBF200,1.359084,5.976000,81.000000,1.023554,424000
data_K100,35,LSH_SumParity_l4_k5,0.794792,5.844666,55.000000,1.047026,431072
data_K100,36,BruteForce,0.157583,27.416333,100.0,1.0,404000
data_K100,36,KDTree_Exact,1.363959,28.952959,100.000000,1.000000,424000
data_K100,36,KDTree_Approx_BBF200,1.392042,5.915500,82.000000,1.021035,424000
data_K100,36,LSH_SumParity_l4_k5,0.834250,5.883500,59.000000,1.045073,430560
data_K100,37,BruteForce,0.179250,27.370417,100.0,1.0,404000
data_K100,37,KDTree_Exact,1.404917,29.009834,100.000000,1.000000,424000
data_K100,37,KDTree_Approx_BBF200,1.479042,5.792417,82.000000,1.022122,424000
data_K100,37,LSH_SumParity_l4_k5,0.805791,5.828458,50.000000,1.052801,430304
data_K100,38,BruteForce,0.158334,27.574500,100.0,1.0,404000
data_K100,38,KDTree_Exact,1.355791,28.555458,100.000000,1.000000,424000
data_K100,38,KDTree_Approx_BBF200,1.535500,5.949167,84.000000,1.024634,424000
data_K100,38,LSH_SumParity_l4_k5,0.784083,5.748167,51.000000,1.052588,430752
data_K100,39,BruteForce,0.155834,28.543833,100.0,1.0,404000
data_K100,39,KDTree_Exact,1.326875,28.883583,100.000000,1.000000,424000
data_K100,39,KDTree_Approx_BBF200,1.301042,5.725541,85.000000,1.022141,424000
data_K100,39,LSH_SumParity_l4_k5,0.801166,5.816584,64.000000,1.038127,430688
data_K100,40,BruteForce,0.156250,27.582916,100.0,1.0,404000
data_K100,40,KDTree_Exact,1.458542,28.114917,100.000000,1.000000,424000
data_K100,40,KDTree_Approx_BBF200,1.376334,5.833041,81.000000,1.027072,424000
data_K100,40,LSH_SumParity_l4_k5,0.783208,7.078583,60.000000,1.040678,431648
data_K100,41,BruteForce,0.158667,27.456666,100.0,1.0,404000
data_K100,41,KDTree_Exact,1.355625,28.551167,100.000000,1.000000,424000
data_K100,41,KDTree_Approx_BBF200,1.446625,5.782542,86.000000,1.022228,424000
data_K100,41,LSH_SumParity_l4_k5,0.800709,5.855792,54.000000,1.050458,430432
data_K100,42,BruteForce,0.159042,56.397000,100.0,1.0,404000
data_K100,42,KDTree_Exact,1.416167,28.719166,100.000000,1.000000,424000
data_K100,42,KDTree_Approx_BBF200,1.403334,5.992042,78.000000,1.024266,424000
data_K100,42,LSH_SumParity_l4_k5,0.791208,5.981167,50.000000,1.050351,430432
data_K100,43,BruteForce,0.151500,27.190875,100.0,1.0,404000
data_K100,43,KDTree_Exact,1.400958,28.509583,100.000000,1.000000,424000
data_K100,43,KDTree_Approx_BBF200,1.365125,5.920209,84.000000,1.022949,424000
data_K100,43,LSH_SumParity_l4_k5,0.805917,5.970084,59.000000,1.045357,430944
data_K100,44,BruteForce,0.184375,27.183375,100.0,1.0,404000
data_K100,44,KDTree_Exact,1.371458,28.960833,100.000000,1.000000,424000
data_K100,44,KDTree_Approx_BBF200,1.319583,5.883125,79.000000,1.027464,424000
data_K100,44,LSH_SumParity_l4_k5,0.785875,6.153583,51.000000,1.052946,431136
data_K100,45,BruteForce,0.149458,27.366500,100.0,1.0,404000
data_K100,45,KDTree_Exact,1.360917,29.405667,100.000000,1.000000,424000
data_K100,45,KDTree_Approx_BBF200,1.360833,5.933208,83.000000,1.024979,424000
data_K100,45,LSH_SumParity_l4_k5,0.832625,6.338958,50.000000,1.053132,430688
data_K100,46,BruteForce,0.157167,27.494209,100.0,1.0,404000
data_K100,46,KDTree_Exact,1.403375,29.065375,100.000000,1.000000,424000
data_K100,46,KDTree_Approx_BBF200,1.383000,5.981375,83.000000,1.022754,424000
data_K100,46,LSH_SumParity_l4_k5,0.846833,7.178959,60.000000,1.045535,430496
data_K100,47,BruteForce,0.158792,27.289292,100.0,1.0,404000
data_K100,47,KDTree_Exact,1.347916,28.772583,100.000000,1.000000,424000
data_K100,47,KDTree_Approx_BBF200,1.364833,5.945750,83.000000,1.021364,424000
data_K100,47,LSH_SumParity_l4_k5,0.869250,7.424459,60.000000,1.044711,430752
data_K100,48,BruteForce,0.157750,27.463959,100.0,1.0,404000
data_K100,48,KDTree_Exact,1.349667,28.793584,100.000000,1.000000,424000
data_K100,48,KDTree_Approx_BBF200,1.336792,6.005625,87.000000,1.023897,424000
data_K100,48,LSH_SumParity_l4_k5,0.788416,5.862958,57.000000,1.050354,431392
data_K100,49,BruteForce,0.156375,27.005292,100.0,1.0,404000
data_K100,49,KDTree_Exact,1.383208,28.644125,100.000000,1.000000,424000
data_K100,49,KDTree_Approx_BBF200,1.336708,5.834125,84.000000,1.021545,424000
data_K100,49,LSH_SumParity_l4_k5,0.937875,5.863875,48.000000,1.051841,430560
data_K100,50,BruteForce,0.162292,27.437458,100.0,1.0,404000
data_K100,50,KDTree_Exact,1.347084,29.289667,100.000000,1.000000,424000
data_K100,50,KDTree_Approx_BBF200,1.327041,5.978000,82.000000,1.023745,424000
data_K100,50,LSH_SumParity_l4_k5,0.870167,6.227292,52.000000,1.052201,430688
data_K100,51,BruteForce,0.161958,27.716708,100.0,1.0,404000
data_K100,51,KDTree_Exact,1.463000,31.162125,100.000000,1.000000,424000
data_K100,51,KDTree_Approx_BBF200,1.361417,6.132042,84.000000,1.023260,424000
data_K100,51,LSH_SumParity_l4_k5,0.800500,6.256000,53.000000,1.051173,430240
data_K100,52,BruteForce,0.156458,27.700291,100.0,1.0,404000
data_K100,52,KDTree_Exact,1.356208,29.100208,100.000000,1.000000,424000
data_K100,52,KDTree_Approx_BBF200,1.381917,6.069500,80.000000,1.024992,424000
data_K100,52,LSH_SumParity_l4_k5,0.859708,5.945417,50.000000,1.053338,430432
data_K100,53,BruteForce,0.158208,27.666291,100.0,1.0,404000
data_K100,53,KDTree_Exact,1.415625,29.285541,100.000000,1.000000,424000
data_K100,53,KDTree_Approx_BBF200,1.369083,6.137625,87.000000,1.020837,424000
data_K100,53,LSH_SumParity_l4_k5,0.791208,5.844250,56.000000,1.049235,430816
data_K100,54,BruteForce,0.154958,27.538125,100.0,1.0,404000
data_K100,54,KDTree_Exact,1.387125,29.156083,100.000000,1.000000,424000
data_K100,54,KDTree_Approx_BBF200,1.362041,6.202375,84.000000,1.024263,424000
data_K100,54,LSH_SumParity_l4_k5,0.796167,6.018875,49.000000,1.049141,430560
data_K100,55,BruteForce,0.152625,28.035958,100.0,1.0,404000
data_K100,55,KDTree_Exact,1.541708,28.604458,100.000000,1.000000,424000
data_K100,55,KDTree_Approx_BBF200,1.412750,5.995375,83.000000,1.026128,424000
data_K100,55,LSH_SumParity_l4_k5,0.850458,5.808333,53.000000,1.048042,430816
data_K100,56,BruteForce,0.146917,27.222958,100.0,1.0,404000
data_K100,56,KDTree_Exact,1.342541,28.848291,100.000000,1.000000,424000
data_K100,56,KDTree_Approx_BBF200,1.376250,6.118791,81.000000,1.027233,424000
data_K100,56,LSH_SumParity_l4_k5,0.826375,5.909667,55.000000,1.054389,430048
data_K100,57,BruteForce,0.151791,27.655708,100.0,1.0,404000
data_K100,57,KDTree_Exact,1.450541,29.592833,100.000000,1.000000,424000
data_K100,57,KDTree_Approx_BBF200,1.411750,6.206000,80.000000,1.026680,424000
data_K100,57,LSH_SumParity_l4_k5,0.840583,6.026125,55.000000,1.047116,430688
data_K100,58,BruteForce,0.153208,28.196208,100.0,1.0,404000
data_K100,58,KDTree_Exact,1.579125,29.720750,100.000000,1.000000,424000
data_K100,58,KDTree_Approx_BBF200,1.376833,6.189417,84.000000,1.022531,424000
data_K100,58,LSH_SumParity_l4_k5,0.831042,6.103292,57.000000,1.048625,431200
data_K100,59,BruteForce,0.155250,28.318042,100.0,1.0,404000
data_K100,59,KDTree_Exact,1.399292,29.121417,100.000000,1.000000,424000
data_K100,59,KDTree_Approx_BBF200,1.435542,5.922875,79.000000,1.028715,424000
data_K100,59,LSH_SumParity_l4_k5,0.783125,5.790958,55.000000,1.046751,431200
data_K100,60,BruteForce,0.157750,27.863125,100.0,1.0,404000
data_K100,60,KDTree_Exact,1.346875,29.255375,100.000000,1.000000,424000
data_K100,60,KDTree_Approx_BBF200,1.470625,6.122292,78.000000,1.026532,424000
data_K100,60,LSH_SumParity_l4_k5,0.823833,6.118083,48.000000,1.053484,430688
data_K100,61,BruteForce,0.148584,28.186209,100.0,1.0,404000
data_K100,61,KDTree_Exact,1.410458,29.707958,100.000000,1.000000,424000
data_K100,61,KDTree_Approx_BBF200,1.401167,5.912250,83.000000,1.025964,424000
data_K100,61,LSH_SumParity_l4_k5,0.820416,6.026333,52.000000,1.049356,430944
data_K100,62,BruteForce,0.150334,28.378833,100.0,1.0,404000
data_K100,62,KDTree_Exact,1.404291,29.571166,100.000000,1.000000,424000
data_K100,62,KDTree_Approx_BBF200,1.420500,6.069875,81.000000,1.024576,424000
data_K100,62,LSH_SumParity_l4_k5,0.976458,8.559709,50.000000,1.050195,430560
data_K100,63,BruteForce,0.498167,31.672792,100.0,1.0,404000
data_K100,63,KDTree_Exact,1.649208,30.804958,100.000000,1.000000,424000
data_K100,63,KDTree_Approx_BBF200,1.630292,6.122375,89.000000,1.020868,424000
data_K100,63,LSH_SumParity_l4_k5,0.900500,6.004333,53.000000,1.050931,430688
data_K100,64,BruteForce,0.153834,28.317750,100.0,1.0,404000
data_K100,64,KDTree_Exact,1.415666,29.905000,100.000000,1.000000,424000
data_K100,64,KDTree_Approx_BBF200,1.435167,6.184541,80.000000,1.026084,424000
data_K100,64,LSH_SumParity_l4_k5,0.825250,6.244541,51.000000,1.048251,431712
data_K100,65,BruteForce,0.431250,61.878542,100.0,1.0,404000
data_K100,65,KDTree_Exact,1.441792,29.939333,100.000000,1.000000,424000
data_K100,65,KDTree_Approx_BBF200,1.401167,6.083625,77.000000,1.027895,424000
data_K100,65,LSH_SumParity_l4_k5,0.799208,6.272834,45.000000,1.053244,431200
data_K100,66,BruteForce,0.158417,28.748209,100.0,1.0,404000
data_K100,66,KDTree_Exact,1.497666,29.510458,100.000000,1.000000,424000
data_K100,66,KDTree_Approx_BBF200,1.397708,6.141041,80.000000,1.026674,424000
data_K100,66,LSH_SumParity_l4_k5,0.870417,6.262750,60.000000,1.045676,430432
data_K100,67,BruteForce,0.155125,28.040667,100.0,1.0,404000
data_K100,67,KDTree_Exact,1.373125,29.567042,100.000000,1.000000,424000
data_K100,67,KDTree_Approx_BBF200,1.470000,6.108292,80.000000,1.027902,424000
data_K100,67,LSH_SumParity_l4_k5,0.791250,5.963125,39.000000,1.059120,431008
data_K100,68,BruteForce,0.172375,27.724292,100.0,1.0,404000
data_K100,68,KDTree_Exact,1.392042,29.045041,100.000000,1.000000,424000
data_K100,68,KDTree_Approx_BBF200,1.357708,6.009542,75.000000,1.029836,424000
data_K100,68,LSH_SumParity_l4_k5,0.790833,5.938459,52.000000,1.051776,430816
data_K100,69,BruteForce,0.164167,30.180333,100.0,1.0,404000
data_K100,69,KDTree_Exact,1.488875,28.768125,100.000000,1.000000,424000
data_K100,69,KDTree_Approx_BBF200,1.339292,6.045750,86.000000,1.022722,424000
data_K100,69,LSH_SumParity_l4_k5,0.799375,5.979542,63.000000,1.044074,430816
data_K100,70,BruteForce,0.148125,27.566625,100.0,1.0,404000
data_K100,70,KDTree_Exact,1.530625,28.913500,100.000000,1.000000,424000
data_K100,70,KDTree_Approx_BBF200,1.405250,5.922584,82.000000,1.025044,424000
data_K100,70,LSH_SumParity_l4_k5,0.813708,6.061541,55.000000,1.047100,430688
data_K100,71,BruteForce,0.167000,27.902333,100.0,1.0,404000
data_K100,71,KDTree_Exact,1.515875,29.014584,100.000000,1.000000,424000
data_K100,71,KDTree_Approx_BBF200,1.414000,5.940291,87.000000,1.023387,424000
data_K100,71,LSH_SumParity_l4_k5,0.795875,6.051250,46.000000,1.052470,430176
data_K100,72,BruteForce,0.156292,27.403416,100.0,1.0,404000
data_K100,72,KDTree_Exact,1.530584,29.045292,100.000000,1.000000,424000
data_K100,72,KDTree_Approx_BBF200,1.391625,5.977500,89.000000,1.019707,424000
data_K100,72,LSH_SumParity_l4_k5,0.768959,8.500250,71.000000,1.038139,429920
data_K100,73,BruteForce,0.147667,27.352209,100.0,1.0,404000
data_K100,73,KDTree_Exact,1.369208,28.429291,100.000000,1.000000,424000
data_K100,73,KDTree_Approx_BBF200,1.373333,5.856042,83.000000,1.026371,424000
data_K100,73,LSH_SumParity_l4_k5,0.764208,5.872542,47.000000,1.054370,431200
data_K100,74,BruteForce,0.153000,27.407333,100.0,1.0,404000
data_K100,74,KDTree_Exact,4.682167,55.134209,100.000000,1.000000,424000
data_K100,74,KDTree_Approx_BBF200,1.428167,6.223375,90.000000,1.020460,424000
data_K100,74,LSH_SumParity_l4_k5,0.835208,6.270208,55.000000,1.047429,431072
data_K100,75,BruteForce,0.154334,28.247500,100.0,1.0,404000
data_K100,75,KDTree_Exact,1.479917,29.623167,100.000000,1.000000,424000
data_K100,75,KDTree_Approx_BBF200,1.432625,6.207708,87.000000,1.023157,424000
data_K100,75,LSH_SumParity_l4_k5,0.830792,5.925709,52.000000,1.052732,430240
data_K100,76,BruteForce,0.151542,28.480000,100.0,1.0,404000
data_K100,76,KDTree_Exact,1.593709,29.487042,100.000000,1.000000,424000
data_K100,76,KDTree_Approx_BBF200,1.426125,6.046709,81.000000,1.026799,424000
data_K100,76,LSH_SumParity_l4_k5,0.818416,6.006833,54.000000,1.048788,430432
data_K100,77,BruteForce,0.161291,28.278542,100.0,1.0,404000
data_K100,77,KDTree_Exact,1.391584,29.894750,100.000000,1.000000,424000
data_K100,77,KDTree_Approx_BBF200,1.578833,5.823875,85.000000,1.023521,424000
data_K100,77,LSH_SumParity_l4_k5,0.828208,6.060833,53.000000,1.052359,430816
data_K100,78,BruteForce,0.156375,28.145459,100.0,1.0,404000
data_K100,78,KDTree_Exact,1.433250,29.143750,100.000000,1.000000,424000
data_K100,78,KDTree_Approx_BBF200,1.434666,6.027958,78.000000,1.025835,424000
data_K100,78,LSH_SumParity_l4_k5,0.825083,6.022375,49.000000,1.053600,430944
data_K100,79,BruteForce,0.157834,27.796042,100.0,1.0,404000
data_K100,79,KDTree_Exact,1.342083,28.733125,100.000000,1.000000,424000
data_K100,79,KDTree_Approx_BBF200,1.413208,5.843000,83.000000,1.024611,424000
data_K100,79,LSH_SumParity_l4_k5,0.819166,6.159417,57.000000,1.048638,430304
data_K100,80,BruteForce,0.146500,28.003792,100.0,1.0,404000
data_K100,80,KDTree_Exact,1.375416,29.552834,100.000000,1.000000,424000
data_K100,80,KDTree_Approx_BBF200,1.427458,5.956458,80.000000,1.025732,424000
data_K100,80,LSH_SumParity_l4_k5,0.784209,10.650334,73.000000,1.032371,429632
data_K100,81,BruteForce,0.176333,27.828416,100.0,1.0,404000
data_K100,81,KDTree_Exact,1.446625,29.206916,100.000000,1.000000,424000
data_K100,81,KDTree_Approx_BBF200,1.406708,5.932458,85.000000,1.022805,424000
data_K100,81,LSH_SumParity_l4_k5,0.806708,5.923041,60.000000,1.047306,430624
data_K100,82,BruteForce,0.156250,28.160375,100.0,1.0,404000
data_K100,82,KDTree_Exact,1.395333,28.892333,100.000000,1.000000,424000
data_K100,82,KDTree_Approx_BBF200,1.381375,5.988000,78.000000,1.024746,424000
data_K100,82,LSH_SumParity_l4_k5,0.819125,6.065208,45.000000,1.053498,430304
data_K100,83,BruteForce,0.158792,27.379667,100.0,1.0,404000
data_K100,83,KDTree_Exact,1.385041,29.288000,100.000000,1.000000,424000
data_K100,83,KDTree_Approx_BBF200,1.309042,5.942625,88.000000,1.017515,424000
data_K100,83,LSH_SumParity_l4_k5,0.829709,6.156542,56.000000,1.046194,430688
data_K100,84,BruteForce,0.154583,27.717542,100.0,1.0,404000
data_K100,84,KDTree_Exact,1.343916,29.370875,100.000000,1.000000,424000
data_K100,84,KDTree_Approx_BBF200,1.326791,5.991417,81.000000,1.022726,424000
data_K100,84,LSH_SumParity_l4_k5,0.829792,6.125333,57.000000,1.043348,431072
data_K100,85,BruteForce,0.165459,27.559709,100.0,1.0,404000
data_K100,85,KDTree_Exact,1.405208,28.997458,100.000000,1.000000,424000
data_K100,85,KDTree_Approx_BBF200,1.392833,5.962833,74.000000,1.026663,424000
data_K100,85,LSH_SumParity_l4_k5,0.812916,5.808000,52.000000,1.051763,431200
data_K100,86,BruteForce,0.146542,27.908959,100.0,1.0,404000
data_K100,86,KDTree_Exact,1.425416,29.154500,100.000000,1.000000,424000
data_K100,86,KDTree_Approx_BBF200,1.390167,5.843166,80.000000,1.023994,424000
data_K100,86,LSH_SumParity_l4_k5,0.802125,5.829791,52.000000,1.047015,430560
data_K100,87,BruteForce,0.154625,27.325625,100.0,1.0,404000
data_K100,87,KDTree_Exact,1.299417,28.861500,100.000000,1.000000,424000
data_K100,87,KDTree_Approx_BBF200,1.314167,5.845916,88.000000,1.023537,424000
data_K100,87,LSH_SumParity_l4_k5,0.819291,6.170791,53.000000,1.047698,431712
data_K100,88,BruteForce,0.155542,27.678459,100.0,1.0,404000
data_K100,88,KDTree_Exact,1.377334,28.816292,100.000000,1.000000,424000
data_K100,88,KDTree_Approx_BBF200,1.401000,5.907500,81.000000,1.027618,424000
data_K100,88,LSH_SumParity_l4_k5,0.780833,5.965208,54.000000,1.046277,430048
data_K100,89,BruteForce,0.155667,27.313667,100.0,1.0,404000
data_K100,89,KDTree_Exact,1.334292,29.114500,100.000000,1.000000,424000
data_K100,89,KDTree_Approx_BBF200,1.340833,5.956291,86.000000,1.023881,424000
data_K100,89,LSH_SumParity_l4_k5,0.802000,6.035167,53.000000,1.047953,430752
data_K100,90,BruteForce,0.191791,27.353375,100.0,1.0,404000
data_K100,90,KDTree_Exact,1.391750,29.020625,100.000000,1.000000,424000
data_K100,90,KDTree_Approx_BBF200,1.353250,5.906083,87.000000,1.023619,424000
data_K100,90,LSH_SumParity_l4_k5,0.818833,5.861417,52.000000,1.049246,430752
data_K100,91,BruteForce,0.158708,27.867292,100.0,1.0,404000
data_K100,91,KDTree_Exact,1.386250,29.262833,100.000000,1.000000,424000
data_K100,91,KDTree_Approx_BBF200,1.305209,5.811459,81.000000,1.024570,424000
data_K100,91,LSH_SumParity_l4_k5,0.802292,5.952834,50.000000,1.049608,430816
data_K100,92,BruteForce,0.156500,27.803709,100.0,1.0,404000
data_K100,92,KDTree_Exact,1.440541,29.178167,100.000000,1.000000,424000
data_K100,92,KDTree_Approx_BBF200,1.360000,5.810750,85.000000,1.022308,424000
data_K100,92,LSH_SumParity_l4_k5,0.838208,5.844792,58.000000,1.046464,430432
data_K100,93,BruteForce,0.147500,27.477333,100.0,1.0,404000
data_K100,93,KDTree_Exact,1.361000,28.764541,100.000000,1.000000,424000
data_K100,93,KDTree_Approx_BBF200,1.363083,5.807041,88.000000,1.020477,424000
data_K100,93,LSH_SumParity_l4_k5,0.806125,5.865458,69.000000,1.038278,430560
data_K100,94,BruteForce,0.155667,27.432625,100.0,1.0,404000
data_K100,94,KDTree_Exact,1.372250,29.245291,100.000000,1.000000,424000
data_K100,94,KDTree_Approx_BBF200,1.321125,5.790875,85.000000,1.024001,424000
data_K100,94,LSH_SumParity_l4_k5,0.827417,6.142750,56.000000,1.049180,431456
data_K100,95,BruteForce,0.154583,27.697041,100.0,1.0,404000
data_K100,95,KDTree_Exact,1.361167,28.973875,100.000000,1.000000,424000
data_K100,95,KDTree_Approx_BBF200,1.357708,5.835875,89.000000,1.018154,424000
data_K100,95,LSH_SumParity_l4_k5,0.782834,5.884208,54.000000,1.050843,430816
data_K100,96,BruteForce,0.167208,27.746791,100.0,1.0,404000
data_K100,96,KDTree_Exact,1.363166,28.977708,100.000000,1.000000,424000
data_K100,96,KDTree_Approx_BBF200,1.417291,5.991750,80.000000,1.025222,424000
data_K100,96,LSH_SumParity_l4_k5,0.802250,5.908583,52.000000,1.051128,431136
data_K100,97,BruteForce,0.152084,27.881584,100.0,1.0,404000
data_K100,97,KDTree_Exact,1.385375,28.742667,100.000000,1.000000,424000
data_K100,97,KDTree_Approx_BBF200,1.402000,5.734834,90.000000,1.018251,424000
data_K100,97,LSH_SumParity_l4_k5,0.800875,5.747750,63.000000,1.040792,430880
data_K100,98,BruteForce,0.150916,27.626958,100.0,1.0,404000
data_K100,98,KDTree_Exact,1.366917,28.867625,100.000000,1.000000,424000
data_K100,98,KDTree_Approx_BBF200,1.502833,5.750875,78.000000,1.027548,424000
data_K100,98,LSH_SumParity_l4_k5,0.805125,5.950625,50.000000,1.050052,430240
data_K100,99,BruteForce,0.170667,27.822917,100.0,1.0,404000
data_K100,99,KDTree_Exact,1.324458,28.520000,100.000000,1.000000,424000
data_K100,99,KDTree_Approx_BBF200,1.444125,5.791917,79.000000,1.028563,424000
data_K100,99,LSH_SumParity_l4_k5,0.807750,6.075958,54.000000,1.050420,430944
data_K100,100,BruteForce,0.145834,27.629834,100.0,1.0,404000
data_K100,100,KDTree_Exact,1.373708,28.412875,100.000000,1.000000,424000
data_K100,100,KDTree_Approx_BBF200,1.312208,5.907500,80.000000,1.027109,424000
data_K100,100,LSH_SumParity_l4_k5,0.792292,5.917250,57.000000,1.046394,430560
data_K500,1,BruteForce,0.303834,133.285458,100.0,1.0,2004000
data_K500,1,KDTree_Exact,2.943084,135.001125,100.000000,1.000000,2024000
data_K500,1,KDTree_Approx_BBF200,2.941709,27.157500,100.000000,1.013996,2024000
data_K500,1,LSH_SumParity_l4_k5,0.815458,18.511959,96.000000,1.020258,2031584
data_K500,2,BruteForce,0.311833,133.776333,100.0,1.0,2004000
data_K500,2,KDTree_Exact,2.871959,136.778125,100.000000,1.000000,2024000
data_K500,2,KDTree_Approx_BBF200,2.843417,27.236834,100.000000,1.012089,2024000
data_K500,2,LSH_SumParity_l4_k5,0.919750,18.899042,99.000000,1.018279,2030688
data_K500,3,BruteForce,0.166208,134.700917,100.0,1.0,2004000
data_K500,3,KDTree_Exact,2.929750,134.931916,100.000000,1.000000,2024000
data_K500,3,KDTree_Approx_BBF200,2.667833,27.110709,100.000000,1.010016,2024000
data_K500,3,LSH_SumParity_l4_k5,0.867667,18.800042,99.000000,1.019270,2030880
data_K500,4,BruteForce,0.162209,134.331542,100.0,1.0,2004000
data_K500,4,KDTree_Exact,2.647500,136.137417,100.000000,1.000000,2024000
data_K500,4,KDTree_Approx_BBF200,2.753583,27.629792,100.000000,1.011666,2024000
data_K500,4,LSH_SumParity_l4_k5,0.917541,18.781000,98.000000,1.020081,2030816
data_K500,5,BruteForce,0.182458,135.384625,100.0,1.0,2004000
data_K500,5,KDTree_Exact,2.903500,135.663334,100.000000,1.000000,2024000
data_K500,5,KDTree_Approx_BBF200,2.751292,27.754584,100.000000,1.011574,2024000
data_K500,5,LSH_SumParity_l4_k5,0.797584,18.538125,100.000000,1.018750,2030048
data_K500,6,BruteForce,0.178542,134.980000,100.0,1.0,2004000
data_K500,6,KDTree_Exact,2.642625,136.220209,100.000000,1.000000,2024000
data_K500,6,KDTree_Approx_BBF200,2.681625,27.573458,100.000000,1.011483,2024000
data_K500,6,LSH_SumParity_l4_k5,0.837750,18.795834,97.000000,1.017295,2030560
data_K500,7,BruteForce,0.166167,135.644209,100.0,1.0,2004000
data_K500,7,KDTree_Exact,2.786542,136.353625,100.000000,1.000000,2024000
data_K500,7,KDTree_Approx_BBF200,2.697750,27.538625,100.000000,1.011552,2024000
data_K500,7,LSH_SumParity_l4_k5,0.876166,19.209625,99.000000,1.016888,2030816
data_K500,8,BruteForce,0.157750,135.384875,100.0,1.0,2004000
data_K500,8,KDTree_Exact,2.848916,136.144708,100.000000,1.000000,2024000
data_K500,8,KDTree_Approx_BBF200,2.634959,27.599167,100.000000,1.011677,2024000
data_K500,8,LSH_SumParity_l4_k5,0.811542,18.962417,98.000000,1.016987,2031072
data_K500,9,BruteForce,0.180583,134.362334,100.0,1.0,2004000
data_K500,9,KDTree_Exact,2.620042,137.347125,100.000000,1.000000,2024000
data_K500,9,KDTree_Approx_BBF200,2.740916,28.232250,100.000000,1.012101,2024000
data_K500,9,LSH_SumParity_l4_k5,0.852250,19.333000,99.000000,1.016465,2030560
data_K500,10,BruteForce,0.175625,134.811417,100.0,1.0,2004000
data_K500,10,KDTree_Exact,2.748291,137.308417,100.000000,1.000000,2024000
data_K500,10,KDTree_Approx_BBF200,2.939500,27.416209,99.000000,1.012882,2024000
data_K500,10,LSH_SumParity_l4_k5,0.844291,19.138958,96.000000,1.019267,2030432
data_K500,11,BruteForce,0.170791,136.053000,100.0,1.0,2004000
data_K500,11,KDTree_Exact,2.935875,137.172917,100.000000,1.000000,2024000
data_K500,11,KDTree_Approx_BBF200,2.646250,27.805792,100.000000,1.012633,2024000
data_K500,11,LSH_SumParity_l4_k5,0.873667,18.804417,97.000000,1.018927,2031072
data_K500,12,BruteForce,0.178125,135.476708,100.0,1.0,2004000
data_K500,12,KDTree_Exact,2.784917,138.407875,100.000000,1.000000,2024000
data_K500,12,KDTree_Approx_BBF200,2.852583,27.276542,100.000000,1.009281,2024000
data_K500,12,LSH_SumParity_l4_k5,0.839250,19.070875,99.000000,1.018016,2030560
data_K500,13,BruteForce,0.165291,137.092500,100.0,1.0,2004000
data_K500,13,KDTree_Exact,3.147500,138.211292,100.000000,1.000000,2024000
data_K500,13,KDTree_Approx_BBF200,2.766917,27.995375,100.000000,1.010822,2024000
data_K500,13,LSH_SumParity_l4_k5,0.803166,19.363083,98.000000,1.018110,2030432
data_K500,14,BruteForce,0.175833,165.796459,100.0,1.0,2004000
data_K500,14,KDTree_Exact,2.692083,136.790708,100.000000,1.000000,2024000
data_K500,14,KDTree_Approx_BBF200,2.734208,27.908958,100.000000,1.010714,2024000
data_K500,14,LSH_SumParity_l4_k5,0.852917,18.916833,98.000000,1.018023,2030688
data_K500,15,BruteForce,0.157333,137.066166,100.0,1.0,2004000
data_K500,15,KDTree_Exact,2.728667,138.268292,100.000000,1.000000,2024000
data_K500,15,KDTree_Approx_BBF200,2.640292,28.349000,100.000000,1.011840,2024000
data_K500,15,LSH_SumParity_l4_k5,0.877792,19.188125,98.000000,1.018602,2031200
data_K500,16,BruteForce,0.177375,134.796166,100.0,1.0,2004000
data_K500,16,KDTree_Exact,2.699917,136.796000,100.000000,1.000000,2024000
data_K500,16,KDTree_Approx_BBF200,2.763292,28.142625,98.000000,1.012785,2024000
data_K500,16,LSH_SumParity_l4_k5,0.805750,23.780834,100.000000,1.015461,2030496
data_K500,17,BruteForce,0.177584,135.840208,100.0,1.0,2004000
data_K500,17,KDTree_Exact,2.855792,137.226333,100.000000,1.000000,2024000
data_K500,17,KDTree_Approx_BBF200,2.594000,27.696375,100.000000,1.010443,2024000
data_K500,17,LSH_SumParity_l4_k5,0.840208,19.309541,100.000000,1.017625,2031584
data_K500,18,BruteForce,0.178916,136.549458,100.0,1.0,2004000
data_K500,18,KDTree_Exact,2.676791,138.149208,100.000000,1.000000,2024000
data_K500,18,KDTree_Approx_BBF200,2.855334,27.619416,99.000000,1.010834,2024000
data_K500,18,LSH_SumParity_l4_k5,0.859958,18.885959,98.000000,1.018158,2030176
data_K500,19,BruteForce,0.177583,135.355459,100.0,1.0,2004000
data_K500,19,KDTree_Exact,2.759458,137.132375,100.000000,1.000000,2024000
data_K500,19,KDTree_Approx_BBF200,2.951167,28.355458,99.000000,1.012828,2024000
data_K500,19,LSH_SumParity_l4_k5,0.841333,19.393333,99.000000,1.019791,2030944
data_K500,20,BruteForce,0.189166,137.923167,100.0,1.0,2004000
data_K500,20,KDTree_Exact,2.703917,139.415458,100.000000,1.000000,2024000
data_K500,20,KDTree_Approx_BBF200,2.621208,27.683750,100.000000,1.010515,2024000
data_K500,20,LSH_SumParity_l4_k5,0.868042,18.501500,98.000000,1.020088,2030688
data_K500,21,BruteForce,0.184042,137.414042,100.0,1.0,2004000
data_K500,21,KDTree_Exact,2.816167,139.847917,100.000000,1.000000,2024000
data_K500,21,KDTree_Approx_BBF200,2.759334,28.242417,100.000000,1.011588,2024000
data_K500,21,LSH_SumParity_l4_k5,0.900375,19.505833,96.000000,1.020428,2031072
data_K500,22,BruteForce,0.167625,137.905792,100.0,1.0,2004000
data_K500,22,KDTree_Exact,2.793292,137.663000,100.000000,1.000000,2024000
data_K500,22,KDTree_Approx_BBF200,2.775000,28.107250,100.000000,1.011995,2024000
data_K500,22,LSH_SumParity_l4_k5,0.826833,19.197625,99.000000,1.019442,2030688
data_K500,23,BruteForce,0.167292,136.657500,100.0,1.0,2004000
data_K500,23,KDTree_Exact,2.729875,137.116542,100.000000,1.000000,2024000
data_K500,23,KDTree_Approx_BBF200,2.638458,27.604916,100.000000,1.010140,2024000
data_K500,23,LSH_SumParity_l4_k5,0.846959,18.763125,99.000000,1.017112,2030880
data_K500,24,BruteForce,0.171375,137.361625,100.0,1.0,2004000
data_K500,24,KDTree_Exact,2.729625,137.256916,100.000000,1.000000,2024000
data_K500,24,KDTree_Approx_BBF200,2.700333,27.653791,99.000000,1.013674,2024000
data_K500,24,LSH_SumParity_l4_k5,0.821292,19.129916,99.000000,1.020181,2031328
data_K500,25,BruteForce,0.171292,137.068292,100.0,1.0,2004000
data_K500,25,KDTree_Exact,2.799584,137.245209,100.000000,1.000000,2024000
data_K500,25,KDTree_Approx_BBF200,2.602292,27.525583,100.000000,1.010668,2024000
data_K500,25,LSH_SumParity_l4_k5,0.866750,19.281375,97.000000,1.018264,2030304
data_K500,26,BruteForce,0.175542,135.683500,100.0,1.0,2004000
data_K500,26,KDTree_Exact,2.729292,137.808459,100.000000,1.000000,2024000
data_K500,26,KDTree_Approx_BBF200,2.694542,28.126083,99.000000,1.011741,2024000
data_K500,26,LSH_SumParity_l4_k5,0.853542,19.127709,98.000000,1.020323,2030944
data_K500,27,BruteForce,0.163000,136.137417,100.0,1.0,2004000
data_K500,27,KDTree_Exact,2.824458,138.013292,100.000000,1.000000,2024000
data_K500,27,KDTree_Approx_BBF200,2.748042,27.766667,100.000000,1.010709,2024000
data_K500,27,LSH_SumParity_l4_k5,0.768208,19.137708,98.000000,1.017525,2030304
data_K500,28,BruteForce,0.193625,135.372708,100.0,1.0,2004000
data_K500,28,KDTree_Exact,3.015375,137.544750,100.000000,1.000000,2024000
data_K500,28,KDTree_Approx_BBF200,2.741875,27.728375,98.000000,1.012954,2024000
data_K500,28,LSH_SumParity_l4_k5,0.868125,19.114250,96.000000,1.019741,2031008
data_K500,29,BruteForce,0.164542,138.921625,100.0,1.0,2004000
data_K500,29,KDTree_Exact,2.728791,138.776041,100.000000,1.000000,2024000
data_K500,29,KDTree_Approx_BBF200,2.647958,27.761167,100.000000,1.011020,2024000
data_K500,29,LSH_SumParity_l4_k5,0.813542,19.023125,97.000000,1.020011,2030752
data_K500,30,BruteForce,0.182083,136.701708,100.0,1.0,2004000
data_K500,30,KDTree_Exact,2.701458,138.061750,100.000000,1.000000,2024000
data_K500,30,KDTree_Approx_BBF200,2.956792,27.914083,99.000000,1.010970,2024000
data_K500,30,LSH_SumParity_l4_k5,0.829166,18.949625,97.000000,1.018896,2031392
data_K500,31,BruteForce,0.172208,136.126250,100.0,1.0,2004000
data_K500,31,KDTree_Exact,2.700708,137.929541,100.000000,1.000000,2024000
data_K500,31,KDTree_Approx_BBF200,2.767875,27.806292,100.000000,1.010956,2024000
data_K500,31,LSH_SumParity_l4_k5,0.826916,18.970625,100.000000,1.016320,2030304
data_K500,32,BruteForce,0.178250,136.178667,100.0,1.0,2004000
data_K500,32,KDTree_Exact,2.732792,138.056542,100.000000,1.000000,2024000
data_K500,32,KDTree_Approx_BBF200,2.798250,27.879375,99.000000,1.012524,2024000
data_K500,32,LSH_SumParity_l4_k5,0.856000,19.594875,97.000000,1.018623,2031520
data_K500,33,BruteForce,0.170417,135.790917,100.0,1.0,2004000
data_K500,33,KDTree_Exact,2.686500,136.895167,100.000000,1.000000,2024000
data_K500,33,KDTree_Approx_BBF200,2.617791,27.835792,98.000000,1.011268,2024000
data_K500,33,LSH_SumParity_l4_k5,0.859000,19.328084,98.000000,1.018657,2031072
data_K500,34,BruteForce,0.177208,136.999541,100.0,1.0,2004000
data_K500,34,KDTree_Exact,2.852500,137.856542,100.000000,1.000000,2024000
data_K500,34,KDTree_Approx_BBF200,2.820042,27.493083,99.000000,1.010735,2024000
data_K500,34,LSH_SumParity_l4_k5,0.849041,18.909542,98.000000,1.018162,2031328
data_K500,35,BruteForce,0.167750,145.996333,100.0,1.0,2004000
data_K500,35,KDTree_Exact,2.989083,150.842709,100.000000,1.000000,2024000
data_K500,35,KDTree_Approx_BBF200,2.868000,30.043125,100.000000,1.009785,2024000
data_K500,35,LSH_SumParity_l4_k5,0.881542,20.356458,100.000000,1.015648,2031456
data_K500,36,BruteForce,0.165334,137.261333,100.0,1.0,2004000
data_K500,36,KDTree_Exact,2.691209,138.458875,100.000000,1.000000,2024000
data_K500,36,KDTree_Approx_BBF200,2.776166,28.170917,100.000000,1.012383,2024000
data_K500,36,LSH_SumParity_l4_k5,0.867917,19.321709,100.000000,1.016777,2029920
data_K500,37,BruteForce,0.180500,136.732083,100.0,1.0,2004000
data_K500,37,KDTree_Exact,2.954667,138.520833,100.000000,1.000000,2024000
data_K500,37,KDTree_Approx_BBF200,2.761750,27.978250,100.000000,1.011904,2024000
data_K500,37,LSH_SumParity_l4_k5,0.834792,19.114500,97.000000,1.019591,2031456
data_K500,38,BruteForce,0.175333,134.975792,100.0,1.0,2004000
data_K500,38,KDTree_Exact,2.704542,136.935084,100.000000,1.000000,2024000
data_K500,38,KDTree_Approx_BBF200,2.758625,27.542125,99.000000,1.012052,2024000
data_K500,38,LSH_SumParity_l4_k5,0.793792,19.150333,99.000000,1.015971,2030944
data_K500,39,BruteForce,0.180333,134.494083,100.0,1.0,2004000
data_K500,39,KDTree_Exact,2.984417,137.623333,100.000000,1.000000,2024000
data_K500,39,KDTree_Approx_BBF200,2.836375,28.086917,100.000000,1.012099,2024000
data_K500,39,LSH_SumParity_l4_k5,0.798333,19.352458,97.000000,1.018961,2031008
data_K500,40,BruteForce,0.156375,136.324250,100.0,1.0,2004000
data_K500,40,KDTree_Exact,2.670625,137.515167,100.000000,1.000000,2024000
data_K500,40,KDTree_Approx_BBF200,2.689042,27.706333,100.000000,1.012119,2024000
data_K500,40,LSH_SumParity_l4_k5,0.837334,18.849875,99.000000,1.018969,2030176
data_K500,41,BruteForce,0.173000,136.780458,100.0,1.0,2004000
data_K500,41,KDTree_Exact,3.029417,138.330666,100.000000,1.000000,2024000
data_K500,41,KDTree_Approx_BBF200,2.779833,27.653917,100.000000,1.011740,2024000
data_K500,41,LSH_SumParity_l4_k5,0.851625,19.213208,98.000000,1.020019,2030176
data_K500,42,BruteForce,0.163375,135.763167,100.0,1.0,2004000
data_K500,42,KDTree_Exact,2.769375,137.489209,100.000000,1.000000,2024000
data_K500,42,KDTree_Approx_BBF200,2.766083,27.507958,100.000000,1.013236,2024000
data_K500,42,LSH_SumParity_l4_k5,0.845792,18.893666,100.000000,1.016816,2031328
data_K500,43,BruteForce,0.170500,136.390417,100.0,1.0,2004000
data_K500,43,KDTree_Exact,2.758584,137.635250,100.000000,1.000000,2024000
data_K500,43,KDTree_Approx_BBF200,2.655292,27.853541,100.000000,1.011630,2024000
data_K500,43,LSH_SumParity_l4_k5,0.840458,19.080375,97.000000,1.019006,2030560
data_K500,44,BruteForce,0.163042,164.041250,100.0,1.0,2004000
data_K500,44,KDTree_Exact,2.688209,136.847625,100.000000,1.000000,2024000
data_K500,44,KDTree_Approx_BBF200,2.750500,27.642959,100.000000,1.011088,2024000
data_K500,44,LSH_SumParity_l4_k5,0.817542,19.164166,97.000000,1.019707,2030944
data_K500,45,BruteForce,0.163625,134.886750,100.0,1.0,2004000
data_K500,45,KDTree_Exact,2.744167,137.835709,100.000000,1.000000,2024000
data_K500,45,KDTree_Approx_BBF200,2.724875,27.497542,98.000000,1.012864,2024000
data_K500,45,LSH_SumParity_l4_k5,0.869042,18.525833,96.000000,1.020542,2031328
data_K500,46,BruteForce,0.168459,135.230792,100.0,1.0,2004000
data_K500,46,KDTree_Exact,2.679334,136.873458,100.000000,1.000000,2024000
data_K500,46,KDTree_Approx_BBF200,2.600583,27.579208,100.000000,1.012805,2024000
data_K500,46,LSH_SumParity_l4_k5,0.829125,19.054125,99.000000,1.015714,2030496
data_K500,47,BruteForce,0.156167,134.481500,100.0,1.0,2004000
data_K500,47,KDTree_Exact,2.786125,138.132208,100.000000,1.000000,2024000
data_K500,47,KDTree_Approx_BBF200,2.787459,28.106042,98.000000,1.012732,2024000
data_K500,47,LSH_SumParity_l4_k5,0.837958,18.935041,96.000000,1.019333,2031584
data_K500,48,BruteForce,0.167667,135.802250,100.0,1.0,2004000
data_K500,48,KDTree_Exact,2.791333,137.694250,100.000000,1.000000,2024000
data_K500,48,KDTree_Approx_BBF200,2.729250,27.636125,99.000000,1.012715,2024000
data_K500,48,LSH_SumParity_l4_k5,0.852791,19.470500,100.000000,1.017397,2030176
data_K500,49,BruteForce,0.171583,136.492792,100.0,1.0,2004000
data_K500,49,KDTree_Exact,2.759542,138.733583,100.000000,1.000000,2024000
data_K500,49,KDTree_Approx_BBF200,2.714834,27.806584,98.000000,1.013030,2024000
data_K500,49,LSH_SumParity_l4_k5,0.838375,19.046166,99.000000,1.019995,2030944
data_K500,50,BruteForce,0.175667,136.638125,100.0,1.0,2004000
data_K500,50,KDTree_Exact,2.718292,137.471625,100.000000,1.000000,2024000
data_K500,50,KDTree_Approx_BBF200,2.611458,27.700125,100.000000,1.011089,2024000
data_K500,50,LSH_SumParity_l4_k5,0.829292,19.028292,98.000000,1.018497,2030304
data_K500,51,BruteForce,0.172541,135.126500,100.0,1.0,2004000
data_K500,51,KDTree_Exact,2.652000,138.245917,100.000000,1.000000,2024000
data_K500,51,KDTree_Approx_BBF200,2.729542,28.055584,100.000000,1.011744,2024000
data_K500,51,LSH_SumParity_l4_k5,0.823709,19.191916,98.000000,1.019136,2030816
data_K500,52,BruteForce,0.165083,135.596209,100.0,1.0,2004000
data_K500,52,KDTree_Exact,2.714250,137.168208,100.000000,1.000000,2024000
data_K500,52,KDTree_Approx_BBF200,2.726542,28.230458,100.000000,1.010734,2024000
data_K500,52,LSH_SumParity_l4_k5,0.878750,19.014750,98.000000,1.017524,2030816
data_K500,53,BruteForce,0.171125,136.038167,100.0,1.0,2004000
data_K500,53,KDTree_Exact,2.660125,136.993750,100.000000,1.000000,2024000
data_K500,53,KDTree_Approx_BBF200,2.758416,27.633625,98.000000,1.011570,2024000
data_K500,53,LSH_SumParity_l4_k5,0.851833,19.326459,95.000000,1.020358,2030432
data_K500,54,BruteForce,0.164750,136.360083,100.0,1.0,2004000
data_K500,54,KDTree_Exact,2.702708,138.233958,100.000000,1.000000,2024000
data_K500,54,KDTree_Approx_BBF200,2.716542,27.719125,100.000000,1.011177,2024000
data_K500,54,LSH_SumParity_l4_k5,0.863584,19.600958,99.000000,1.018246,2029920
data_K500,55,BruteForce,0.156417,136.550583,100.0,1.0,2004000
data_K500,55,KDTree_Exact,2.774417,138.391417,100.000000,1.000000,2024000
data_K500,55,KDTree_Approx_BBF200,2.795250,27.826375,99.000000,1.011863,2024000
data_K500,55,LSH_SumParity_l4_k5,0.929541,19.158166,95.000000,1.020077,2030176
data_K500,56,BruteForce,0.160042,136.386334,100.0,1.0,2004000
data_K500,56,KDTree_Exact,2.834917,138.542584,100.000000,1.000000,2024000
data_K500,56,KDTree_Approx_BBF200,2.751292,27.699833,100.000000,1.011587,2024000
data_K500,56,LSH_SumParity_l4_k5,0.866542,19.487375,97.000000,1.018769,2030432
data_K500,57,BruteForce,0.172000,136.960750,100.0,1.0,2004000
data_K500,57,KDTree_Exact,2.793708,138.159583,100.000000,1.000000,2024000
data_K500,57,KDTree_Approx_BBF200,2.833583,27.857000,99.000000,1.010766,2024000
data_K500,57,LSH_SumParity_l4_k5,0.882042,18.582083,97.000000,1.018326,2031072
data_K500,58,BruteForce,0.156291,135.532416,100.0,1.0,2004000
data_K500,58,KDTree_Exact,2.630667,137.221375,100.000000,1.000000,2024000
data_K500,58,KDTree_Approx_BBF200,2.622250,27.384250,98.000000,1.012079,2024000
data_K500,58,LSH_SumParity_l4_k5,0.848000,19.166500,99.000000,1.019045,2030304
data_K500,59,BruteForce,0.162792,135.481625,100.0,1.0,2004000
data_K500,59,KDTree_Exact,2.626167,137.605334,100.000000,1.000000,2024000
data_K500,59,KDTree_Approx_BBF200,2.761083,28.226833,100.000000,1.009937,2024000
data_K500,59,LSH_SumParity_l4_k5,0.863167,19.676542,99.000000,1.017132,2030624
data_K500,60,BruteForce,0.156291,136.811125,100.0,1.0,2004000
data_K500,60,KDTree_Exact,2.728500,138.019042,100.000000,1.000000,2024000
data_K500,60,KDTree_Approx_BBF200,2.758459,27.968250,100.000000,1.009975,2024000
data_K500,60,LSH_SumParity_l4_k5,0.857625,19.127625,97.000000,1.017557,2030624
data_K500,61,BruteForce,0.165208,137.589333,100.0,1.0,2004000
data_K500,61,KDTree_Exact,2.775583,138.382083,100.000000,1.000000,2024000
data_K500,61,KDTree_Approx_BBF200,2.851166,28.346083,99.000000,1.013150,2024000
data_K500,61,LSH_SumParity_l4_k5,0.854125,19.636125,99.000000,1.019938,2030432
data_K500,62,BruteForce,0.174667,137.425958,100.0,1.0,2004000
data_K500,62,KDTree_Exact,2.649709,140.136666,100.000000,1.000000,2024000
data_K500,62,KDTree_Approx_BBF200,2.748292,28.015042,100.000000,1.009207,2024000
data_K500,62,LSH_SumParity_l4_k5,0.857083,19.283584,97.000000,1.017206,2031200
data_K500,63,BruteForce,0.172208,136.470083,100.0,1.0,2004000
data_K500,63,KDTree_Exact,2.741750,138.148750,100.000000,1.000000,2024000
data_K500,63,KDTree_Approx_BBF200,2.660833,28.095000,100.000000,1.013126,2024000
data_K500,63,LSH_SumParity_l4_k5,0.807750,19.162958,99.000000,1.018930,2030816
data_K500,64,BruteForce,0.175916,136.658792,100.0,1.0,2004000
data_K500,64,KDTree_Exact,2.840250,138.612791,100.000000,1.000000,2024000
data_K500,64,KDTree_Approx_BBF200,2.802541,28.027458,99.000000,1.011624,2024000
data_K500,64,LSH_SumParity_l4_k5,0.842416,19.343125,98.000000,1.019550,2030432
data_K500,65,BruteForce,0.172709,136.250042,100.0,1.0,2004000
data_K500,65,KDTree_Exact,2.635125,138.598208,100.000000,1.000000,2024000
data_K500,65,KDTree_Approx_BBF200,2.723583,27.935833,100.000000,1.010713,2024000
data_K500,65,LSH_SumParity_l4_k5,0.814500,19.307542,100.000000,1.017334,2030624
data_K500,66,BruteForce,0.158125,138.733417,100.0,1.0,2004000
data_K500,66,KDTree_Exact,2.720833,138.934750,100.000000,1.000000,2024000
data_K500,66,KDTree_Approx_BBF200,2.665709,28.046667,100.000000,1.011654,2024000
data_K500,66,LSH_SumParity_l4_k5,0.791709,18.652042,98.000000,1.018867,2030944
data_K500,67,BruteForce,0.177917,136.053541,100.0,1.0,2004000
data_K500,67,KDTree_Exact,2.806625,138.709292,100.000000,1.000000,2024000
data_K500,67,KDTree_Approx_BBF200,2.761833,28.576458,98.000000,1.010696,2024000
data_K500,67,LSH_SumParity_l4_k5,0.892125,19.154583,95.000000,1.019602,2030368
data_K500,68,BruteForce,0.282625,136.623833,100.0,1.0,2004000
data_K500,68,KDTree_Exact,2.753333,137.593333,100.000000,1.000000,2024000
data_K500,68,KDTree_Approx_BBF200,2.711500,28.195125,100.000000,1.012061,2024000
data_K500,68,LSH_SumParity_l4_k5,0.979875,19.496209,100.000000,1.018391,2030560
data_K500,69,BruteForce,0.170083,136.110292,100.0,1.0,2004000
data_K500,69,KDTree_Exact,2.759375,138.597250,100.000000,1.000000,2024000
data_K500,69,KDTree_Approx_BBF200,2.954834,28.225042,99.000000,1.013161,2024000
data_K500,69,LSH_SumParity_l4_k5,0.881375,19.059250,99.000000,1.017020,2030176
data_K500,70,BruteForce,0.166583,136.531875,100.0,1.0,2004000
data_K500,70,KDTree_Exact,2.663250,137.603709,100.000000,1.000000,2024000
data_K500,70,KDTree_Approx_BBF200,2.753542,28.288459,100.000000,1.010786,2024000
data_K500,70,LSH_SumParity_l4_k5,0.865459,19.250500,98.000000,1.018905,2030816
data_K500,71,BruteForce,0.168709,137.006125,100.0,1.0,2004000
data_K500,71,KDTree_Exact,2.747417,138.516125,100.000000,1.000000,2024000
data_K500,71,KDTree_Approx_BBF200,2.790375,27.983833,99.000000,1.010774,2024000
data_K500,71,LSH_SumParity_l4_k5,0.831542,19.044416,98.000000,1.017861,2030560
data_K500,72,BruteForce,0.170000,136.550334,100.0,1.0,2004000
data_K500,72,KDTree_Exact,3.008542,138.448166,100.000000,1.000000,2024000
data_K500,72,KDTree_Approx_BBF200,2.820833,28.484208,99.000000,1.012264,2024000
data_K500,72,LSH_SumParity_l4_k5,0.811375,18.926209,98.000000,1.019178,2030624
data_K500,73,BruteForce,0.164333,135.252583,100.0,1.0,2004000
data_K500,73,KDTree_Exact,2.798166,137.022708,100.000000,1.000000,2024000
data_K500,73,KDTree_Approx_BBF200,2.718375,27.895500,100.000000,1.011031,2024000
data_K500,73,LSH_SumParity_l4_k5,0.788333,19.180166,99.000000,1.016682,2030432
data_K500,74,BruteForce,0.175708,136.094542,100.0,1.0,2004000
data_K500,74,KDTree_Exact,2.681625,137.818666,100.000000,1.000000,2024000
data_K500,74,KDTree_Approx_BBF200,2.744833,28.090000,99.000000,1.011921,2024000
data_K500,74,LSH_SumParity_l4_k5,0.857709,18.587417,99.000000,1.018147,2030880
data_K500,75,BruteForce,0.165292,136.241834,100.0,1.0,2004000
data_K500,75,KDTree_Exact,2.673458,138.626833,100.000000,1.000000,2024000
data_K500,75,KDTree_Approx_BBF200,2.757791,28.133833,99.000000,1.011470,2024000
data_K500,75,LSH_SumParity_l4_k5,0.799750,18.988625,94.000000,1.019759,2030944
data_K500,76,BruteForce,0.165250,136.208250,100.0,1.0,2004000
data_K500,76,KDTree_Exact,2.719459,138.307042,100.000000,1.000000,2024000
data_K500,76,KDTree_Approx_BBF200,2.756792,28.039792,100.000000,1.010941,2024000
data_K500,76,LSH_SumParity_l4_k5,0.843208,18.795792,99.000000,1.017357,2030816
data_K500,77,BruteForce,0.160416,136.555625,100.0,1.0,2004000
data_K500,77,KDTree_Exact,2.663250,138.743583,100.000000,1.000000,2024000
data_K500,77,KDTree_Approx_BBF200,2.744333,28.077292,100.000000,1.011286,2024000
data_K500,77,LSH_SumParity_l4_k5,0.831083,18.717917,97.000000,1.019035,2031328
data_K500,78,BruteForce,0.163250,136.533208,100.0,1.0,2004000
data_K500,78,KDTree_Exact,2.714167,136.570875,100.000000,1.000000,2024000
data_K500,78,KDTree_Approx_BBF200,2.760584,27.570584,100.000000,1.010163,2024000
data_K500,78,LSH_SumParity_l4_k5,0.852375,19.457583,99.000000,1.017392,2031456
data_K500,79,BruteForce,0.192500,135.841125,100.0,1.0,2004000
data_K500,79,KDTree_Exact,2.771709,139.199709,100.000000,1.000000,2024000
data_K500,79,KDTree_Approx_BBF200,2.823916,27.772333,100.000000,1.012187,2024000
data_K500,79,LSH_SumParity_l4_k5,0.815500,19.273459,97.000000,1.019896,2030880
data_K500,80,BruteForce,0.177625,137.374792,100.0,1.0,2004000
data_K500,80,KDTree_Exact,2.802417,137.908458,100.000000,1.000000,2024000
data_K500,80,KDTree_Approx_BBF200,2.845834,27.975583,100.000000,1.011226,2024000
data_K500,80,LSH_SumParity_l4_k5,0.850041,19.476375,98.000000,1.018318,2030368
data_K500,81,BruteForce,0.179167,137.269541,100.0,1.0,2004000
data_K500,81,KDTree_Exact,2.643250,138.428083,100.000000,1.000000,2024000
data_K500,81,KDTree_Approx_BBF200,2.751000,27.909875,100.000000,1.011023,2024000
data_K500,81,LSH_SumParity_l4_k5,0.857834,19.473625,98.000000,1.018539,2030944
data_K500,82,BruteForce,0.164292,136.990917,100.0,1.0,2004000
data_K500,82,KDTree_Exact,2.743250,138.802000,100.000000,1.000000,2024000
data_K500,82,KDTree_Approx_BBF200,2.623958,27.868750,100.000000,1.011335,2024000
data_K500,82,LSH_SumParity_l4_k5,0.806500,29.080667,100.000000,1.017941,2030816
data_K500,83,BruteForce,0.179875,137.633500,100.0,1.0,2004000
data_K500,83,KDTree_Exact,2.810041,139.519541,100.000000,1.000000,2024000
data_K500,83,KDTree_Approx_BBF200,2.790292,28.188459,99.000000,1.010555,2024000
data_K500,83,LSH_SumParity_l4_k5,0.852334,23.454375,99.000000,1.015337,2030688
data_K500,84,BruteForce,0.164125,138.522083,100.0,1.0,2004000
data_K500,84,KDTree_Exact,2.730667,137.952166,100.000000,1.000000,2024000
data_K500,84,KDTree_Approx_BBF200,2.699667,28.145709,100.000000,1.012693,2024000
data_K500,84,LSH_SumParity_l4_k5,0.856625,19.092000,99.000000,1.017983,2031264
data_K500,85,BruteForce,0.173541,137.862334,100.0,1.0,2004000
data_K500,85,KDTree_Exact,2.808625,140.847208,100.000000,1.000000,2024000
data_K500,85,KDTree_Approx_BBF200,2.868541,28.237833,100.000000,1.010600,2024000
data_K500,85,LSH_SumParity_l4_k5,0.800083,19.268459,98.000000,1.017940,2030816
data_K500,86,BruteForce,0.176208,138.723334,100.0,1.0,2004000
data_K500,86,KDTree_Exact,2.743459,140.735541,100.000000,1.000000,2024000
data_K500,86,KDTree_Approx_BBF200,2.773542,28.230375,100.000000,1.011135,2024000
data_K500,86,LSH_SumParity_l4_k5,0.804250,19.025958,100.000000,1.018581,2030496
data_K500,87,BruteForce,0.169000,138.207750,100.0,1.0,2004000
data_K500,87,KDTree_Exact,2.727750,139.589875,100.000000,1.000000,2024000
data_K500,87,KDTree_Approx_BBF200,2.924417,28.028084,97.000000,1.012872,2024000
data_K500,87,LSH_SumParity_l4_k5,0.859500,19.406041,96.000000,1.019876,2030944
data_K500,88,BruteForce,0.214167,138.441500,100.0,1.0,2004000
data_K500,88,KDTree_Exact,2.776083,138.420291,100.000000,1.000000,2024000
data_K500,88,KDTree_Approx_BBF200,2.750916,28.197166,100.000000,1.010406,2024000
data_K500,88,LSH_SumParity_l4_k5,0.856083,19.158209,99.000000,1.019359,2030816
data_K500,89,BruteForce,0.175750,138.270333,100.0,1.0,2004000
data_K500,89,KDTree_Exact,2.877042,138.710667,100.000000,1.000000,2024000
data_K500,89,KDTree_Approx_BBF200,2.716042,28.176458,99.000000,1.012296,2024000
data_K500,89,LSH_SumParity_l4_k5,0.851917,19.191333,99.000000,1.019184,2030432
data_K500,90,BruteForce,0.164458,137.405958,100.0,1.0,2004000
data_K500,90,KDTree_Exact,2.787750,137.633500,100.000000,1.000000,2024000
data_K500,90,KDTree_Approx_BBF200,2.704375,27.842875,99.000000,1.012968,2024000
data_K500,90,LSH_SumParity_l4_k5,0.779833,19.032750,99.000000,1.018987,2030816
data_K500,91,BruteForce,0.168417,137.151542,100.0,1.0,2004000
data_K500,91,KDTree_Exact,2.815583,139.345333,100.000000,1.000000,2024000
data_K500,91,KDTree_Approx_BBF200,2.830500,27.796583,100.000000,1.011962,2024000
data_K500,91,LSH_SumParity_l4_k5,0.899958,19.262875,97.000000,1.018400,2031072
data_K500,92,BruteForce,0.160458,136.935334,100.0,1.0,2004000
data_K500,92,KDTree_Exact,2.763208,140.242541,100.000000,1.000000,2024000
data_K500,92,KDTree_Approx_BBF200,2.692167,28.529291,98.000000,1.014138,2024000
data_K500,92,LSH_SumParity_l4_k5,0.846334,19.308125,94.000000,1.020488,2031712
data_K500,93,BruteForce,0.180875,137.357000,100.0,1.0,2004000
data_K500,93,KDTree_Exact,2.812958,141.521708,100.000000,1.000000,2024000
data_K500,93,KDTree_Approx_BBF200,2.801292,28.755000,99.000000,1.009262,2024000
data_K500,93,LSH_SumParity_l4_k5,0.828459,19.830083,96.000000,1.018936,2030688
data_K500,94,BruteForce,0.174500,137.830042,100.0,1.0,2004000
data_K500,94,KDTree_Exact,2.781375,139.367666,100.000000,1.000000,2024000
data_K500,94,KDTree_Approx_BBF200,2.689417,28.310375,100.000000,1.013244,2024000
data_K500,94,LSH_SumParity_l4_k5,0.815459,18.932292,99.000000,1.019417,2030496
data_K500,95,BruteForce,0.175167,137.181708,100.0,1.0,2004000
data_K500,95,KDTree_Exact,2.706625,138.244084,100.000000,1.000000,2024000
data_K500,95,KDTree_Approx_BBF200,2.873500,27.793166,99.000000,1.010635,2024000
data_K500,95,LSH_SumParity_l4_k5,0.854583,19.011125,98.000000,1.016991,2030176
data_K500,96,BruteForce,0.276292,137.401625,100.0,1.0,2004000
data_K500,96,KDTree_Exact,2.646542,139.352083,100.000000,1.000000,2024000
data_K500,96,KDTree_Approx_BBF200,2.774459,28.174750,99.000000,1.010827,2024000
data_K500,96,LSH_SumParity_l4_k5,0.865334,19.803375,99.000000,1.018487,2031328
data_K500,97,BruteForce,0.170250,136.590917,100.0,1.0,2004000
data_K500,97,KDTree_Exact,2.792625,138.565667,100.000000,1.000000,2024000
data_K500,97,KDTree_Approx_BBF200,2.696375,28.277334,100.000000,1.009913,2024000
data_K500,97,LSH_SumParity_l4_k5,0.815500,18.789917,99.000000,1.020098,2030816
data_K500,98,BruteForce,0.170541,137.988125,100.0,1.0,2004000
data_K500,98,KDTree_Exact,2.786917,140.041250,100.000000,1.000000,2024000
data_K500,98,KDTree_Approx_BBF200,2.737875,27.799000,100.000000,1.010569,2024000
data_K500,98,LSH_SumParity_l4_k5,0.840042,19.221291,98.000000,1.017554,2031008
data_K500,99,BruteForce,0.165250,136.989041,100.0,1.0,2004000
data_K500,99,KDTree_Exact,2.682458,138.525542,100.000000,1.000000,2024000
data_K500,99,KDTree_Approx_BBF200,2.812583,27.793958,100.000000,1.011115,2024000
data_K500,99,LSH_SumParity_l4_k5,0.865000,18.954875,98.000000,1.019461,2031136
data_K500,100,BruteForce,0.163292,138.365833,100.0,1.0,2004000
data_K500,100,KDTree_Exact,2.779917,138.085000,100.000000,1.000000,2024000
data_K500,100,KDTree_Approx_BBF200,2.770750,27.991709,99.000000,1.010658,2024000
data_K500,100,LSH_SumParity_l4_k5,0.807250,18.928333,98.000000,1.016423,2030816
data_K1000,1,BruteForce,0.232375,277.300750,100.0,1.0,4004000
data_K1000,1,KDTree_Exact,4.577208,276.433250,100.000000,1.000000,4024000
data_K1000,1,KDTree_Approx_BBF200,4.910917,55.945916,100.000000,1.008462,4024000
data_K1000,1,LSH_SumParity_l4_k5,1.049458,35.712666,100.000000,1.011228,4031072
data_K1000,2,BruteForce,0.214542,275.187166,100.0,1.0,4004000
data_K1000,2,KDTree_Exact,5.165792,275.123209,100.000000,1.000000,4024000
data_K1000,2,KDTree_Approx_BBF200,4.849167,55.145375,100.000000,1.007827,4024000
data_K1000,2,LSH_SumParity_l4_k5,0.923917,35.503458,100.000000,1.010768,4031328
data_K1000,3,BruteForce,0.219458,277.971916,100.0,1.0,4004000
data_K1000,3,KDTree_Exact,4.834667,274.714875,100.000000,1.000000,4024000
data_K1000,3,KDTree_Approx_BBF200,4.601625,57.379250,100.000000,1.009363,4024000
data_K1000,3,LSH_SumParity_l4_k5,1.140500,35.978209,100.000000,1.013652,4030432
data_K1000,4,BruteForce,0.236583,274.053334,100.0,1.0,4004000
data_K1000,4,KDTree_Exact,5.102708,273.162958,100.000000,1.000000,4024000
data_K1000,4,KDTree_Approx_BBF200,4.799833,55.101167,100.000000,1.007586,4024000
data_K1000,4,LSH_SumParity_l4_k5,0.886208,35.422209,100.000000,1.011425,4030560
data_K1000,5,BruteForce,0.221625,272.838916,100.0,1.0,4004000
data_K1000,5,KDTree_Exact,4.804291,274.298541,100.000000,1.000000,4024000
data_K1000,5,KDTree_Approx_BBF200,4.906542,56.388209,100.000000,1.008263,4024000
data_K1000,5,LSH_SumParity_l4_k5,1.159833,43.515917,100.000000,1.012511,4031136
data_K1000,6,BruteForce,0.360125,274.208792,100.0,1.0,4004000
data_K1000,6,KDTree_Exact,5.012334,274.954500,100.000000,1.000000,4024000
data_K1000,6,KDTree_Approx_BBF200,5.015542,55.245958,100.000000,1.009862,4024000
data_K1000,6,LSH_SumParity_l4_k5,0.899625,36.573000,100.000000,1.011202,4030304
data_K1000,7,BruteForce,0.393875,273.791666,100.0,1.0,4004000
data_K1000,7,KDTree_Exact,5.105083,274.218000,100.000000,1.000000,4024000
data_K1000,7,KDTree_Approx_BBF200,4.754125,55.629500,100.000000,1.008535,4024000
data_K1000,7,LSH_SumParity_l4_k5,0.926500,35.435333,100.000000,1.012802,4030432
data_K1000,8,BruteForce,0.229666,273.217375,100.0,1.0,4004000
data_K1000,8,KDTree_Exact,4.958208,273.836667,100.000000,1.000000,4024000
data_K1000,8,KDTree_Approx_BBF200,5.051542,55.369208,100.000000,1.008317,4024000
data_K1000,8,LSH_SumParity_l4_k5,0.952125,35.842500,100.000000,1.012990,4031584
data_K1000,9,BruteForce,0.454209,272.110250,100.0,1.0,4004000
data_K1000,9,KDTree_Exact,4.680459,272.968125,100.000000,1.000000,4024000
data_K1000,9,KDTree_Approx_BBF200,4.667542,54.933042,100.000000,1.008490,4024000
data_K1000,9,LSH_SumParity_l4_k5,1.143458,35.159875,100.000000,1.012269,4031648
data_K1000,10,BruteForce,0.290792,274.085875,100.0,1.0,4004000
data_K1000,10,KDTree_Exact,4.960583,274.202667,100.000000,1.000000,4024000
data_K1000,10,KDTree_Approx_BBF200,4.757750,55.402667,100.000000,1.008056,4024000
data_K1000,10,LSH_SumParity_l4_k5,0.950125,36.178083,100.000000,1.011879,4030816
data_K1000,11,BruteForce,0.225958,274.911000,100.0,1.0,4004000
data_K1000,11,KDTree_Exact,4.775834,277.047291,100.000000,1.000000,4024000
data_K1000,11,KDTree_Approx_BBF200,5.075000,56.212917,100.000000,1.006689,4024000
data_K1000,11,LSH_SumParity_l4_k5,0.986834,35.633500,100.000000,1.012225,4031200
data_K1000,12,BruteForce,0.343625,276.188417,100.0,1.0,4004000
data_K1000,12,KDTree_Exact,4.548917,274.883875,100.000000,1.000000,4024000
data_K1000,12,KDTree_Approx_BBF200,5.012667,55.894916,100.000000,1.010625,4024000
data_K1000,12,LSH_SumParity_l4_k5,0.950833,35.313125,100.000000,1.013988,4030560
data_K1000,13,BruteForce,0.249667,275.105541,100.0,1.0,4004000
data_K1000,13,KDTree_Exact,4.852333,274.202917,100.000000,1.000000,4024000
data_K1000,13,KDTree_Approx_BBF200,4.828375,55.793125,100.000000,1.007828,4024000
data_K1000,13,LSH_SumParity_l4_k5,1.263375,36.408250,100.000000,1.011042,4031008
data_K1000,14,BruteForce,0.391750,273.116334,100.0,1.0,4004000
data_K1000,14,KDTree_Exact,4.840875,275.892833,100.000000,1.000000,4024000
data_K1000,14,KDTree_Approx_BBF200,4.903209,55.224833,100.000000,1.008390,4024000
data_K1000,14,LSH_SumParity_l4_k5,1.123667,58.031250,100.000000,1.013131,4030688
data_K1000,15,BruteForce,0.289625,275.485584,100.0,1.0,4004000
data_K1000,15,KDTree_Exact,5.011167,274.740542,100.000000,1.000000,4024000
data_K1000,15,KDTree_Approx_BBF200,4.862375,55.772209,100.000000,1.008268,4024000
data_K1000,15,LSH_SumParity_l4_k5,1.063250,35.096958,100.000000,1.012709,4030688
data_K1000,16,BruteForce,0.335042,276.135417,100.0,1.0,4004000
data_K1000,16,KDTree_Exact,4.714584,277.073167,100.000000,1.000000,4024000
data_K1000,16,KDTree_Approx_BBF200,5.001791,56.358500,100.000000,1.007644,4024000
data_K1000,16,LSH_SumParity_l4_k5,0.865333,35.744583,100.000000,1.012260,4030688
data_K1000,17,BruteForce,0.218209,275.275209,100.0,1.0,4004000
data_K1000,17,KDTree_Exact,4.907708,274.251583,100.000000,1.000000,4024000
data_K1000,17,KDTree_Approx_BBF200,4.670042,55.990042,100.000000,1.007066,4024000
data_K1000,17,LSH_SumParity_l4_k5,0.943541,35.705833,100.000000,1.012747,4031328
data_K1000,18,BruteForce,0.459292,273.963459,100.0,1.0,4004000
data_K1000,18,KDTree_Exact,5.021292,275.350917,100.000000,1.000000,4024000
data_K1000,18,KDTree_Approx_BBF200,4.817125,55.127750,100.000000,1.008678,4024000
data_K1000,18,LSH_SumParity_l4_k5,0.873541,34.939000,100.000000,1.011785,4029920
data_K1000,19,BruteForce,0.253583,273.036000,100.0,1.0,4004000
data_K1000,19,KDTree_Exact,4.964167,273.571083,100.000000,1.000000,4024000
data_K1000,19,KDTree_Approx_BBF200,5.055083,55.170875,100.000000,1.006910,4024000
data_K1000,19,LSH_SumParity_l4_k5,1.180833,35.029292,99.000000,1.013116,4030816
data_K1000,20,BruteForce,0.447417,272.917875,100.0,1.0,4004000
data_K1000,20,KDTree_Exact,5.083375,275.526125,100.000000,1.000000,4024000
data_K1000,20,KDTree_Approx_BBF200,4.860958,55.079250,100.000000,1.008603,4024000
data_K1000,20,LSH_SumParity_l4_k5,1.212500,35.790500,100.000000,1.015004,4030368
data_K1000,21,BruteForce,0.461750,275.997292,100.0,1.0,4004000
data_K1000,21,KDTree_Exact,5.039958,280.299709,100.000000,1.000000,4024000
data_K1000,21,KDTree_Approx_BBF200,4.976208,55.858750,100.000000,1.006846,4024000
data_K1000,21,LSH_SumParity_l4_k5,1.157875,35.589917,100.000000,1.011045,4030560
data_K1000,22,BruteForce,0.216875,273.241500,100.0,1.0,4004000
data_K1000,22,KDTree_Exact,4.959459,273.700125,100.000000,1.000000,4024000
data_K1000,22,KDTree_Approx_BBF200,4.885334,55.267000,100.000000,1.006656,4024000
data_K1000,22,LSH_SumParity_l4_k5,1.215791,36.354375,100.000000,1.012237,4031072
data_K1000,23,BruteForce,0.433709,274.252875,100.0,1.0,4004000
data_K1000,23,KDTree_Exact,4.911041,274.685583,100.000000,1.000000,4024000
data_K1000,23,KDTree_Approx_BBF200,4.868125,56.503041,100.000000,1.008807,4024000
data_K1000,23,LSH_SumParity_l4_k5,1.201000,35.679375,100.000000,1.012752,4029920
data_K1000,24,BruteForce,0.391208,273.963000,100.0,1.0,4004000
data_K1000,24,KDTree_Exact,4.845291,277.159541,100.000000,1.000000,4024000
data_K1000,24,KDTree_Approx_BBF200,5.127458,55.743292,100.000000,1.008858,4024000
data_K1000,24,LSH_SumParity_l4_k5,1.251833,35.325458,100.000000,1.011861,4030496
data_K1000,25,BruteForce,0.229583,273.222625,100.0,1.0,4004000
data_K1000,25,KDTree_Exact,4.837625,274.839167,100.000000,1.000000,4024000
data_K1000,25,KDTree_Approx_BBF200,4.835792,55.632250,100.000000,1.008152,4024000
data_K1000,25,LSH_SumParity_l4_k5,1.098917,35.476000,100.000000,1.013748,4031200
data_K1000,26,BruteForce,0.341042,276.173958,100.0,1.0,4004000
data_K1000,26,KDTree_Exact,5.183750,282.548958,100.000000,1.000000,4024000
data_K1000,26,KDTree_Approx_BBF200,4.730792,55.953000,100.000000,1.007487,4024000
data_K1000,26,LSH_SumParity_l4_k5,1.097667,35.199875,100.000000,1.013341,4031392
data_K1000,27,BruteForce,0.315917,273.111208,100.0,1.0,4004000
data_K1000,27,KDTree_Exact,4.792167,273.928292,100.000000,1.000000,4024000
data_K1000,27,KDTree_Approx_BBF200,4.859125,55.207500,100.000000,1.009335,4024000
data_K1000,27,LSH_SumParity_l4_k5,0.955125,35.489792,100.000000,1.013271,4031008
data_K1000,28,BruteForce,0.225417,274.473542,100.0,1.0,4004000
data_K1000,28,KDTree_Exact,5.050542,275.303500,100.000000,1.000000,4024000
data_K1000,28,KDTree_Approx_BBF200,4.821084,55.694333,100.000000,1.007254,4024000
data_K1000,28,LSH_SumParity_l4_k5,0.997750,35.433959,100.000000,1.011850,4031328
data_K1000,29,BruteForce,0.237042,275.571167,100.0,1.0,4004000
data_K1000,29,KDTree_Exact,4.921583,275.800166,100.000000,1.000000,4024000
data_K1000,29,KDTree_Approx_BBF200,4.959750,55.770917,100.000000,1.008714,4024000
data_K1000,29,LSH_SumParity_l4_k5,0.932542,35.461708,100.000000,1.013832,4031584
data_K1000,30,BruteForce,0.223208,276.148292,100.0,1.0,4004000
data_K1000,30,KDTree_Exact,4.672583,273.895583,100.000000,1.000000,4024000
data_K1000,30,KDTree_Approx_BBF200,4.721708,55.166709,100.000000,1.008432,4024000
data_K1000,30,LSH_SumParity_l4_k5,0.948500,35.632791,100.000000,1.013099,4030688
data_K1000,31,BruteForce,0.356042,275.936792,100.0,1.0,4004000
data_K1000,31,KDTree_Exact,5.044292,276.728291,100.000000,1.000000,4024000
data_K1000,31,KDTree_Approx_BBF200,4.817458,55.520875,100.000000,1.008172,4024000
data_K1000,31,LSH_SumParity_l4_k5,1.170459,35.833834,100.000000,1.011249,4031968
data_K1000,32,BruteForce,0.420750,277.630250,100.0,1.0,4004000
data_K1000,32,KDTree_Exact,4.838500,277.136500,100.000000,1.000000,4024000
data_K1000,32,KDTree_Approx_BBF200,4.758917,55.553000,100.000000,1.008087,4024000
data_K1000,32,LSH_SumParity_l4_k5,1.044125,35.102834,100.000000,1.013091,4030880
data_K1000,33,BruteForce,0.266792,308.513208,100.0,1.0,4004000
data_K1000,33,KDTree_Exact,5.014708,276.268625,100.000000,1.000000,4024000
data_K1000,33,KDTree_Approx_BBF200,4.919583,55.647459,100.000000,1.007468,4024000
data_K1000,33,LSH_SumParity_l4_k5,1.117375,35.226459,100.000000,1.014404,4031456
data_K1000,34,BruteForce,0.228042,275.252791,100.0,1.0,4004000
data_K1000,34,KDTree_Exact,5.084000,277.174625,100.000000,1.000000,4024000
data_K1000,34,KDTree_Approx_BBF200,4.737250,56.051500,100.000000,1.007156,4024000
data_K1000,34,LSH_SumParity_l4_k5,1.178292,35.203000,100.000000,1.011376,4031520
data_K1000,35,BruteForce,0.231042,273.935209,100.0,1.0,4004000
data_K1000,35,KDTree_Exact,4.980709,275.809792,100.000000,1.000000,4024000
data_K1000,35,KDTree_Approx_BBF200,5.031666,55.541500,100.000000,1.007678,4024000
data_K1000,35,LSH_SumParity_l4_k5,1.102916,36.050084,100.000000,1.010011,4030368
data_K1000,36,BruteForce,0.223750,274.965708,100.0,1.0,4004000
data_K1000,36,KDTree_Exact,5.176291,276.299666,100.000000,1.000000,4024000
data_K1000,36,KDTree_Approx_BBF200,4.857916,55.563500,100.000000,1.008220,4024000
data_K1000,36,LSH_SumParity_l4_k5,0.883625,34.997500,100.000000,1.011936,4031072
data_K1000,37,BruteForce,0.363875,275.021833,100.0,1.0,4004000
data_K1000,37,KDTree_Exact,4.924667,276.039209,100.000000,1.000000,4024000
data_K1000,37,KDTree_Approx_BBF200,5.131708,55.826166,100.000000,1.007813,4024000
data_K1000,37,LSH_SumParity_l4_k5,0.935667,36.018583,100.000000,1.011703,4030944
data_K1000,38,BruteForce,0.423708,274.022375,100.0,1.0,4004000
data_K1000,38,KDTree_Exact,4.865250,276.389209,100.000000,1.000000,4024000
data_K1000,38,KDTree_Approx_BBF200,4.722125,55.804625,100.000000,1.006301,4024000
data_K1000,38,LSH_SumParity_l4_k5,0.865000,35.605541,100.000000,1.011701,4030304
data_K1000,39,BruteForce,0.450000,274.240375,100.0,1.0,4004000
data_K1000,39,KDTree_Exact,4.965500,276.098958,100.000000,1.000000,4024000
data_K1000,39,KDTree_Approx_BBF200,4.855041,55.920917,100.000000,1.008270,4024000
data_K1000,39,LSH_SumParity_l4_k5,0.939291,35.414333,100.000000,1.012156,4030560
data_K1000,40,BruteForce,0.412250,274.215459,100.0,1.0,4004000
data_K1000,40,KDTree_Exact,4.845084,274.801166,100.000000,1.000000,4024000
data_K1000,40,KDTree_Approx_BBF200,5.033500,55.444375,100.000000,1.006404,4024000
data_K1000,40,LSH_SumParity_l4_k5,0.897416,35.937083,100.000000,1.011114,4029920
data_K1000,41,BruteForce,0.208792,273.146083,100.0,1.0,4004000
data_K1000,41,KDTree_Exact,4.512292,275.246958,100.000000,1.000000,4024000
data_K1000,41,KDTree_Approx_BBF200,4.913917,55.111709,99.000000,1.007989,4024000
data_K1000,41,LSH_SumParity_l4_k5,1.063708,35.796125,100.000000,1.012535,4030176
data_K1000,42,BruteForce,0.340292,273.997083,100.0,1.0,4004000
data_K1000,42,KDTree_Exact,5.141833,276.516500,100.000000,1.000000,4024000
data_K1000,42,KDTree_Approx_BBF200,4.738833,55.194625,100.000000,1.008532,4024000
data_K1000,42,LSH_SumParity_l4_k5,0.962917,36.208250,100.000000,1.012833,4030560
data_K1000,43,BruteForce,0.227833,274.758250,100.0,1.0,4004000
data_K1000,43,KDTree_Exact,4.769542,276.411375,100.000000,1.000000,4024000
data_K1000,43,KDTree_Approx_BBF200,4.905958,86.957458,100.000000,1.008903,4024000
data_K1000,43,LSH_SumParity_l4_k5,1.163708,35.759250,99.000000,1.013491,4030880
data_K1000,44,BruteForce,0.218916,275.562458,100.0,1.0,4004000
data_K1000,44,KDTree_Exact,4.892166,307.194666,100.000000,1.000000,4024000
data_K1000,44,KDTree_Approx_BBF200,4.780875,56.494125,100.000000,1.007356,4024000
data_K1000,44,LSH_SumParity_l4_k5,0.891708,35.772459,100.000000,1.012009,4030432
data_K1000,45,BruteForce,0.222416,275.665500,100.0,1.0,4004000
data_K1000,45,KDTree_Exact,4.902167,276.161208,100.000000,1.000000,4024000
data_K1000,45,KDTree_Approx_BBF200,4.799083,55.433750,100.000000,1.008395,4024000
data_K1000,45,LSH_SumParity_l4_k5,1.247083,36.842000,100.000000,1.012451,4031008
data_K1000,46,BruteForce,0.241375,276.030500,100.0,1.0,4004000
data_K1000,46,KDTree_Exact,4.829292,276.227750,100.000000,1.000000,4024000
data_K1000,46,KDTree_Approx_BBF200,4.720667,55.997708,100.000000,1.007680,4024000
data_K1000,46,LSH_SumParity_l4_k5,0.950291,44.035458,100.000000,1.009747,4029984
data_K1000,47,BruteForce,0.429667,275.785541,100.0,1.0,4004000
data_K1000,47,KDTree_Exact,5.175375,276.544500,100.000000,1.000000,4024000
data_K1000,47,KDTree_Approx_BBF200,5.060917,55.462125,100.000000,1.007747,4024000
data_K1000,47,LSH_SumParity_l4_k5,0.957583,36.104458,100.000000,1.012076,4031200
data_K1000,48,BruteForce,0.370375,274.376083,100.0,1.0,4004000
data_K1000,48,KDTree_Exact,4.986042,276.658916,100.000000,1.000000,4024000
data_K1000,48,KDTree_Approx_BBF200,4.834792,55.583084,100.000000,1.008276,4024000
data_K1000,48,LSH_SumParity_l4_k5,0.916959,35.965333,100.000000,1.012442,4031776
data_K1000,49,BruteForce,0.386416,277.030583,100.0,1.0,4004000
data_K1000,49,KDTree_Exact,4.949875,277.176750,100.000000,1.000000,4024000
data_K1000,49,KDTree_Approx_BBF200,4.916916,55.610208,100.000000,1.008310,4024000
data_K1000,49,LSH_SumParity_l4_k5,1.064083,36.291333,100.000000,1.012240,4030816
data_K1000,50,BruteForce,0.335292,274.965125,100.0,1.0,4004000
data_K1000,50,KDTree_Exact,4.966625,276.268417,100.000000,1.000000,4024000
data_K1000,50,KDTree_Approx_BBF200,4.885542,56.594250,100.000000,1.009394,4024000
data_K1000,50,LSH_SumParity_l4_k5,1.248584,36.049083,100.000000,1.013102,4031200
data_K1000,51,BruteForce,0.313708,275.564625,100.0,1.0,4004000
data_K1000,51,KDTree_Exact,5.257084,277.299042,100.000000,1.000000,4024000
data_K1000,51,KDTree_Approx_BBF200,4.616916,55.642458,100.000000,1.009660,4024000
data_K1000,51,LSH_SumParity_l4_k5,0.919667,35.764583,100.000000,1.012854,4030688
data_K1000,52,BruteForce,0.380791,275.052834,100.0,1.0,4004000
data_K1000,52,KDTree_Exact,4.696833,276.382750,100.000000,1.000000,4024000
data_K1000,52,KDTree_Approx_BBF200,4.889625,56.063458,100.000000,1.006521,4024000
data_K1000,52,LSH_SumParity_l4_k5,1.127125,35.597250,100.000000,1.012671,4030496
data_K1000,53,BruteForce,0.432709,276.496209,100.0,1.0,4004000
data_K1000,53,KDTree_Exact,5.052625,276.742833,100.000000,1.000000,4024000
data_K1000,53,KDTree_Approx_BBF200,4.864875,55.398166,100.000000,1.008442,4024000
data_K1000,53,LSH_SumParity_l4_k5,1.218000,36.140292,100.000000,1.013222,4030944
data_K1000,54,BruteForce,0.285417,275.251250,100.0,1.0,4004000
data_K1000,54,KDTree_Exact,4.844667,276.190375,100.000000,1.000000,4024000
data_K1000,54,KDTree_Approx_BBF200,5.053084,56.540125,100.000000,1.007536,4024000
data_K1000,54,LSH_SumParity_l4_k5,1.171583,36.372875,100.000000,1.011645,4030368
data_K1000,55,BruteForce,0.426542,275.570541,100.0,1.0,4004000
data_K1000,55,KDTree_Exact,4.983209,276.918375,100.000000,1.000000,4024000
data_K1000,55,KDTree_Approx_BBF200,4.794916,55.520166,100.000000,1.008448,4024000
data_K1000,55,LSH_SumParity_l4_k5,0.990000,35.553542,100.000000,1.011975,4030560
data_K1000,56,BruteForce,0.319250,276.233583,100.0,1.0,4004000
data_K1000,56,KDTree_Exact,5.018291,276.139250,100.000000,1.000000,4024000
data_K1000,56,KDTree_Approx_BBF200,4.903583,56.040875,100.000000,1.008015,4024000
data_K1000,56,LSH_SumParity_l4_k5,0.922042,35.454916,100.000000,1.011274,4031456
data_K1000,57,BruteForce,0.436458,275.154458,100.0,1.0,4004000
data_K1000,57,KDTree_Exact,4.757791,276.098375,100.000000,1.000000,4024000
data_K1000,57,KDTree_Approx_BBF200,4.910000,56.207208,100.000000,1.008315,4024000
data_K1000,57,LSH_SumParity_l4_k5,0.943833,35.741167,100.000000,1.011902,4030944
data_K1000,58,BruteForce,0.495583,274.829875,100.0,1.0,4004000
data_K1000,58,KDTree_Exact,5.151500,276.276000,100.000000,1.000000,4024000
data_K1000,58,KDTree_Approx_BBF200,4.947000,55.894500,100.000000,1.008253,4024000
data_K1000,58,LSH_SumParity_l4_k5,0.921625,35.123667,100.000000,1.013141,4030944
data_K1000,59,BruteForce,0.235334,278.057500,100.0,1.0,4004000
data_K1000,59,KDTree_Exact,4.903000,276.824625,100.000000,1.000000,4024000
data_K1000,59,KDTree_Approx_BBF200,4.861542,55.281709,100.000000,1.009092,4024000
data_K1000,59,LSH_SumParity_l4_k5,1.188500,35.343875,99.000000,1.013156,4030944
data_K1000,60,BruteForce,0.203459,273.538250,100.0,1.0,4004000
data_K1000,60,KDTree_Exact,4.830833,275.724083,100.000000,1.000000,4024000
data_K1000,60,KDTree_Approx_BBF200,5.040084,55.855042,100.000000,1.008683,4024000
data_K1000,60,LSH_SumParity_l4_k5,0.885625,36.018792,100.000000,1.012154,4030048
data_K1000,61,BruteForce,0.446750,275.092417,100.0,1.0,4004000
data_K1000,61,KDTree_Exact,4.910750,276.702542,100.000000,1.000000,4024000
data_K1000,61,KDTree_Approx_BBF200,4.818291,55.810667,100.000000,1.008573,4024000
data_K1000,61,LSH_SumParity_l4_k5,0.940584,35.664959,100.000000,1.013088,4029664
data_K1000,62,BruteForce,0.314000,276.681958,100.0,1.0,4004000
data_K1000,62,KDTree_Exact,5.002959,277.391917,100.000000,1.000000,4024000
data_K1000,62,KDTree_Approx_BBF200,5.203750,55.932292,100.000000,1.006958,4024000
data_K1000,62,LSH_SumParity_l4_k5,0.934792,35.629500,100.000000,1.012960,4030624
data_K1000,63,BruteForce,0.226375,276.571959,100.0,1.0,4004000
data_K1000,63,KDTree_Exact,4.779833,275.371458,100.000000,1.000000,4024000
data_K1000,63,KDTree_Approx_BBF200,4.714167,55.370459,100.000000,1.009042,4024000
data_K1000,63,LSH_SumParity_l4_k5,0.939958,35.799917,100.000000,1.012698,4030368
data_K1000,64,BruteForce,0.218500,273.204250,100.0,1.0,4004000
data_K1000,64,KDTree_Exact,4.684750,274.706917,100.000000,1.000000,4024000
data_K1000,64,KDTree_Approx_BBF200,4.784666,55.822750,100.000000,1.008480,4024000
data_K1000,64,LSH_SumParity_l4_k5,0.914000,35.930042,100.000000,1.014048,4031328
data_K1000,65,BruteForce,0.226041,276.782792,100.0,1.0,4004000
data_K1000,65,KDTree_Exact,4.816667,275.985583,100.000000,1.000000,4024000
data_K1000,65,KDTree_Approx_BBF200,4.960750,55.467625,100.000000,1.007099,4024000
data_K1000,65,LSH_SumParity_l4_k5,0.915917,35.535792,100.000000,1.012017,4030752
data_K1000,66,BruteForce,0.225541,276.772250,100.0,1.0,4004000
data_K1000,66,KDTree_Exact,4.524542,277.350292,100.000000,1.000000,4024000
data_K1000,66,KDTree_Approx_BBF200,4.957333,55.943583,100.000000,1.007008,4024000
data_K1000,66,LSH_SumParity_l4_k5,1.227333,35.731083,100.000000,1.011595,4030048
data_K1000,67,BruteForce,0.258791,276.797583,100.0,1.0,4004000
data_K1000,67,KDTree_Exact,5.113875,276.598375,100.000000,1.000000,4024000
data_K1000,67,KDTree_Approx_BBF200,4.835791,56.280583,100.000000,1.008661,4024000
data_K1000,67,LSH_SumParity_l4_k5,0.971250,35.197667,100.000000,1.012408,4031328
data_K1000,68,BruteForce,0.228041,274.232250,100.0,1.0,4004000
data_K1000,68,KDTree_Exact,4.778083,276.631375,100.000000,1.000000,4024000
data_K1000,68,KDTree_Approx_BBF200,4.907292,56.404958,100.000000,1.007806,4024000
data_K1000,68,LSH_SumParity_l4_k5,1.144541,35.926875,100.000000,1.012905,4031072
data_K1000,69,BruteForce,0.493500,275.219916,100.0,1.0,4004000
data_K1000,69,KDTree_Exact,5.170209,276.812708,100.000000,1.000000,4024000
data_K1000,69,KDTree_Approx_BBF200,5.090084,55.937917,100.000000,1.008388,4024000
data_K1000,69,LSH_SumParity_l4_k5,1.099750,36.233958,100.000000,1.013033,4030944
data_K1000,70,BruteForce,0.449125,276.134333,100.0,1.0,4004000
data_K1000,70,KDTree_Exact,4.820000,275.880625,100.000000,1.000000,4024000
data_K1000,70,KDTree_Approx_BBF200,4.759708,55.813708,100.000000,1.008329,4024000
data_K1000,70,LSH_SumParity_l4_k5,0.922958,36.044833,100.000000,1.013841,4030816
data_K1000,71,BruteForce,0.429750,275.690291,100.0,1.0,4004000
data_K1000,71,KDTree_Exact,4.848291,275.314792,100.000000,1.000000,4024000
data_K1000,71,KDTree_Approx_BBF200,4.927583,55.685958,100.000000,1.008699,4024000
data_K1000,71,LSH_SumParity_l4_k5,1.229208,35.089917,100.000000,1.013991,4031520
data_K1000,72,BruteForce,0.214833,275.737708,100.0,1.0,4004000
data_K1000,72,KDTree_Exact,4.898958,276.732125,100.000000,1.000000,4024000
data_K1000,72,KDTree_Approx_BBF200,4.945500,56.024584,100.000000,1.008513,4024000
data_K1000,72,LSH_SumParity_l4_k5,1.210583,35.704500,100.000000,1.011631,4030304
data_K1000,73,BruteForce,0.290958,276.945209,100.0,1.0,4004000
data_K1000,73,KDTree_Exact,5.139833,277.258958,100.000000,1.000000,4024000
data_K1000,73,KDTree_Approx_BBF200,4.965625,55.605500,100.000000,1.008483,4024000
data_K1000,73,LSH_SumParity_l4_k5,0.949208,36.334459,100.000000,1.012733,4031712
data_K1000,74,BruteForce,0.441834,277.471167,100.0,1.0,4004000
data_K1000,74,KDTree_Exact,4.774750,292.768209,100.000000,1.000000,4024000
data_K1000,74,KDTree_Approx_BBF200,4.826333,58.553334,100.000000,1.007199,4024000
data_K1000,74,LSH_SumParity_l4_k5,0.951916,35.933416,100.000000,1.011260,4031008
data_K1000,75,BruteForce,0.218125,273.938083,100.0,1.0,4004000
data_K1000,75,KDTree_Exact,4.830083,277.669333,100.000000,1.000000,4024000
data_K1000,75,KDTree_Approx_BBF200,4.833083,56.160583,100.000000,1.008864,4024000
data_K1000,75,LSH_SumParity_l4_k5,1.030667,35.808500,100.000000,1.013377,4031328
data_K1000,76,BruteForce,0.396250,277.737125,100.0,1.0,4004000
data_K1000,76,KDTree_Exact,5.217958,277.252708,100.000000,1.000000,4024000
data_K1000,76,KDTree_Approx_BBF200,4.859084,55.764542,100.000000,1.008948,4024000
data_K1000,76,LSH_SumParity_l4_k5,0.982458,37.417125,100.000000,1.013140,4029920
data_K1000,77,BruteForce,0.443667,276.054875,100.0,1.0,4004000
data_K1000,77,KDTree_Exact,4.964625,276.853833,100.000000,1.000000,4024000
data_K1000,77,KDTree_Approx_BBF200,4.883667,55.765042,100.000000,1.007107,4024000
data_K1000,77,LSH_SumParity_l4_k5,0.955750,36.430750,100.000000,1.012394,4030432
data_K1000,78,BruteForce,0.457167,275.946208,100.0,1.0,4004000
data_K1000,78,KDTree_Exact,5.153708,275.882250,100.000000,1.000000,4024000
data_K1000,78,KDTree_Approx_BBF200,4.749625,55.576583,100.000000,1.009112,4024000
data_K1000,78,LSH_SumParity_l4_k5,0.924792,36.531333,100.000000,1.012982,4031072
data_K1000,79,BruteForce,0.471708,304.071000,100.0,1.0,4004000
data_K1000,79,KDTree_Exact,4.813917,276.488291,100.000000,1.000000,4024000
data_K1000,79,KDTree_Approx_BBF200,4.826667,55.995375,100.000000,1.007921,4024000
data_K1000,79,LSH_SumParity_l4_k5,1.164417,35.222458,100.000000,1.012322,4030816
data_K1000,80,BruteForce,0.329583,275.604750,100.0,1.0,4004000
data_K1000,80,KDTree_Exact,4.854416,278.204125,100.000000,1.000000,4024000
data_K1000,80,KDTree_Approx_BBF200,4.937875,56.058792,100.000000,1.009302,4024000
data_K1000,80,LSH_SumParity_l4_k5,0.980750,35.318333,100.000000,1.012366,4030304
data_K1000,81,BruteForce,0.234542,275.117666,100.0,1.0,4004000
data_K1000,81,KDTree_Exact,4.768875,276.838250,100.000000,1.000000,4024000
data_K1000,81,KDTree_Approx_BBF200,4.761709,55.085459,100.000000,1.007959,4024000
data_K1000,81,LSH_SumParity_l4_k5,0.910459,35.438084,100.000000,1.012852,4031328
data_K1000,82,BruteForce,0.427583,275.350167,100.0,1.0,4004000
data_K1000,82,KDTree_Exact,5.112458,276.662791,100.000000,1.000000,4024000
data_K1000,82,KDTree_Approx_BBF200,4.776792,55.896250,100.000000,1.006548,4024000
data_K1000,82,LSH_SumParity_l4_k5,0.967000,35.390500,100.000000,1.011905,4031072
data_K1000,83,BruteForce,0.218250,275.897208,100.0,1.0,4004000
data_K1000,83,KDTree_Exact,5.118333,277.006333,100.000000,1.000000,4024000
data_K1000,83,KDTree_Approx_BBF200,4.722750,55.548625,100.000000,1.008426,4024000
data_K1000,83,LSH_SumParity_l4_k5,0.968834,35.710667,100.000000,1.012111,4030944
data_K1000,84,BruteForce,0.402750,276.048584,100.0,1.0,4004000
data_K1000,84,KDTree_Exact,4.554250,276.459958,100.000000,1.000000,4024000
data_K1000,84,KDTree_Approx_BBF200,4.824875,56.114917,100.000000,1.008355,4024000
data_K1000,84,LSH_SumParity_l4_k5,1.251042,35.493708,100.000000,1.013593,4030816
data_K1000,85,BruteForce,0.223375,277.243250,100.0,1.0,4004000
data_K1000,85,KDTree_Exact,5.047583,276.900292,100.000000,1.000000,4024000
data_K1000,85,KDTree_Approx_BBF200,4.810292,55.445417,100.000000,1.008214,4024000
data_K1000,85,LSH_SumParity_l4_k5,0.915458,35.334166,100.000000,1.012724,4030560
data_K1000,86,BruteForce,0.309500,276.352958,100.0,1.0,4004000
data_K1000,86,KDTree_Exact,4.763750,277.089875,100.000000,1.000000,4024000
data_K1000,86,KDTree_Approx_BBF200,5.057417,55.863334,100.000000,1.007454,4024000
data_K1000,86,LSH_SumParity_l4_k5,0.949959,36.325709,100.000000,1.011675,4031072
data_K1000,87,BruteForce,0.382000,276.807417,100.0,1.0,4004000
data_K1000,87,KDTree_Exact,4.779334,277.706375,100.000000,1.000000,4024000
data_K1000,87,KDTree_Approx_BBF200,4.868334,55.285375,100.000000,1.006879,4024000
data_K1000,87,LSH_SumParity_l4_k5,1.178792,35.395708,100.000000,1.013400,4031328
data_K1000,88,BruteForce,0.474666,277.479041,100.0,1.0,4004000
data_K1000,88,KDTree_Exact,4.953875,277.461292,100.000000,1.000000,4024000
data_K1000,88,KDTree_Approx_BBF200,5.023041,55.828167,100.000000,1.009644,4024000
data_K1000,88,LSH_SumParity_l4_k5,1.115000,35.757708,100.000000,1.014699,4030432
data_K1000,89,BruteForce,0.214625,276.620458,100.0,1.0,4004000
data_K1000,89,KDTree_Exact,5.120958,277.883833,100.000000,1.000000,4024000
data_K1000,89,KDTree_Approx_BBF200,5.176417,55.756041,100.000000,1.007852,4024000
data_K1000,89,LSH_SumParity_l4_k5,0.968292,36.326042,100.000000,1.010952,4030432
data_K1000,90,BruteForce,0.216167,276.116250,100.0,1.0,4004000
data_K1000,90,KDTree_Exact,5.004584,277.722417,100.000000,1.000000,4024000
data_K1000,90,KDTree_Approx_BBF200,5.039167,56.183708,100.000000,1.008049,4024000
data_K1000,90,LSH_SumParity_l4_k5,0.957583,36.082875,99.000000,1.013248,4030688
data_K1000,91,BruteForce,0.229542,275.787000,100.0,1.0,4004000
data_K1000,91,KDTree_Exact,4.982417,276.885709,100.000000,1.000000,4024000
data_K1000,91,KDTree_Approx_BBF200,4.830708,55.532083,100.000000,1.008999,4024000
data_K1000,91,LSH_SumParity_l4_k5,1.027666,36.077500,100.000000,1.012607,4030688
data_K1000,92,BruteForce,0.226042,276.135041,100.0,1.0,4004000
data_K1000,92,KDTree_Exact,5.108459,277.317417,100.000000,1.000000,4024000
data_K1000,92,KDTree_Approx_BBF200,5.355125,55.701416,100.000000,1.009620,4024000
data_K1000,92,LSH_SumParity_l4_k5,0.910958,35.789084,100.000000,1.011834,4030816
data_K1000,93,BruteForce,0.257333,276.213292,100.0,1.0,4004000
data_K1000,93,KDTree_Exact,5.135459,277.252625,100.000000,1.000000,4024000
data_K1000,93,KDTree_Approx_BBF200,4.880000,55.559750,100.000000,1.008710,4024000
data_K1000,93,LSH_SumParity_l4_k5,1.137167,35.975041,100.000000,1.012508,4030752
data_K1000,94,BruteForce,0.442917,276.920917,100.0,1.0,4004000
data_K1000,94,KDTree_Exact,4.976417,276.294584,100.000000,1.000000,4024000
data_K1000,94,KDTree_Approx_BBF200,4.859041,56.298542,100.000000,1.007050,4024000
data_K1000,94,LSH_SumParity_l4_k5,0.930333,36.271167,100.000000,1.012863,4030688
data_K1000,95,BruteForce,0.443750,275.787500,100.0,1.0,4004000
data_K1000,95,KDTree_Exact,4.814417,277.577041,100.000000,1.000000,4024000
data_K1000,95,KDTree_Approx_BBF200,4.819958,56.215666,100.000000,1.009588,4024000
data_K1000,95,LSH_SumParity_l4_k5,1.159958,35.662750,100.000000,1.012444,4030944
data_K1000,96,BruteForce,0.291625,276.954916,100.0,1.0,4004000
data_K1000,96,KDTree_Exact,4.828875,278.875333,100.000000,1.000000,4024000
data_K1000,96,KDTree_Approx_BBF200,4.795750,55.510750,100.000000,1.008412,4024000
data_K1000,96,LSH_SumParity_l4_k5,0.918708,35.820584,100.000000,1.011969,4029792
data_K1000,97,BruteForce,0.212042,274.844083,100.0,1.0,4004000
data_K1000,97,KDTree_Exact,4.960708,277.102708,100.000000,1.000000,4024000
data_K1000,97,KDTree_Approx_BBF200,4.846833,56.117250,100.000000,1.007334,4024000
data_K1000,97,LSH_SumParity_l4_k5,0.935500,36.178584,100.000000,1.012260,4030816
data_K1000,98,BruteForce,0.227833,277.522792,100.0,1.0,4004000
data_K1000,98,KDTree_Exact,4.646917,277.190959,100.000000,1.000000,4024000
data_K1000,98,KDTree_Approx_BBF200,4.499125,55.862250,100.000000,1.008014,4024000
data_K1000,98,LSH_SumParity_l4_k5,1.137708,35.665375,100.000000,1.011923,4030240
data_K1000,99,BruteForce,0.214292,275.477750,100.0,1.0,4004000
data_K1000,99,KDTree_Exact,4.936875,278.936084,100.000000,1.000000,4024000
data_K1000,99,KDTree_Approx_BBF200,4.970417,56.384584,100.000000,1.010224,4024000
data_K1000,99,LSH_SumParity_l4_k5,0.963375,35.937459,100.000000,1.015092,4030816
data_K1000,100,BruteForce,0.216209,276.440541,100.0,1.0,4004000
data_K1000,100,KDTree_Exact,5.126000,277.624208,100.000000,1.000000,4024000
data_K1000,100,KDTree_Approx_BBF200,4.893542,55.987584,100.000000,1.009531,4024000
data_K1000,100,LSH_SumParity_l4_k5,0.959625,35.676333,100.000000,1.013664,4030944
